Group	Challenge	Number_DAs	Success_DAs	Number_Individuals	Percentage_Success	Remaining
WT	CCW1	1	2	15	13.3333333333333	1
WT	CCW1	2	2	15	13.3333333333333	1
WT	CCW1	3	4	15	26.6666666666667	1
WT	CCW1	4	6	15	40	1
WT	CCW1	5	5	15	33.3333333333333	1
WT	CCW1	6	7	15	46.6666666666667	1
WT	CCW1	7	6	15	40	1
WT	CCW1	8	3	15	20	1
WT	CCW1	9	5	15	33.3333333333333	1
WT	CCW1	10	3	15	20	1
WT	CCW1	11	4	15	26.6666666666667	1
WT	CCW1	12	3	15	20	1
WT	CCW1	13	3	15	20	1
WT	CCW1	14	4	15	26.6666666666667	1
WT	CCW1	15	6	15	40	1
WT	CCW1	16	4	15	26.6666666666667	1
WT	CCW1	17	5	15	33.3333333333333	1
WT	CCW1	18	7	15	46.6666666666667	1
WT	CCW1	19	6	15	40	1
WT	CCW1	20	7	15	46.6666666666667	1
WT	CCW1	21	10	15	66.6666666666667	1
WT	CCW1	22	3	15	20	1
WT	CCW1	23	2	15	13.3333333333333	1
WT	CCW1	24	5	15	33.3333333333333	1
WT	CCW1	25	7	15	46.6666666666667	1
WT	CCW1	26	6	15	40	1
WT	CCW1	27	4	15	26.6666666666667	1
WT	CCW1	28	5	15	33.3333333333333	1
WT	CCW1	29	5	15	33.3333333333333	1
WT	CCW1	30	8	15	53.3333333333333	1
WT	CCW1	31	3	15	20	1
WT	CCW1	32	5	15	33.3333333333333	1
WT	CCW1	33	5	15	33.3333333333333	1
WT	CCW1	34	4	15	26.6666666666667	1
WT	CCW1	35	4	15	26.6666666666667	1
WT	CCW1	36	4	15	26.6666666666667	1
WT	CCW1	37	3	15	20	1
WT	CCW1	38	7	15	46.6666666666667	1
WT	CCW1	39	7	15	46.6666666666667	1
WT	CCW1	40	3	15	20	1
WT	CCW1	41	5	15	33.3333333333333	1
WT	CCW1	42	6	15	40	1
WT	CCW1	43	5	15	33.3333333333333	1
WT	CCW1	44	5	15	33.3333333333333	1
WT	CCW1	45	4	15	26.6666666666667	1
WT	CCW1	46	6	15	40	1
WT	CCW1	47	5	15	33.3333333333333	1
WT	CCW1	48	5	15	33.3333333333333	1
WT	CCW1	49	7	15	46.6666666666667	1
WT	CCW1	50	7	15	46.6666666666667	1
WT	CCW1	51	7	15	46.6666666666667	1
WT	CCW1	52	5	15	33.3333333333333	1
WT	CCW1	53	4	15	26.6666666666667	1
WT	CCW1	54	4	15	26.6666666666667	1
WT	CCW1	55	6	15	40	1
WT	CCW1	56	5	15	33.3333333333333	1
WT	CCW1	57	3	15	20	1
WT	CCW1	58	5	15	33.3333333333333	1
WT	CCW1	59	6	14	42.8571428571429	0.933333333333333
WT	CCW1	60	3	14	21.4285714285714	0.933333333333333
WT	CCW1	61	4	14	28.5714285714286	0.933333333333333
WT	CCW1	62	4	14	28.5714285714286	0.933333333333333
WT	CCW1	63	6	14	42.8571428571429	0.933333333333333
WT	CCW1	64	5	13	38.4615384615385	0.866666666666667
WT	CCW1	65	2	12	16.6666666666667	0.8
WT	CCW1	66	3	12	25	0.8
WT	CCW1	67	4	11	36.3636363636364	0.733333333333333
WT	CCW1	68	4	10	40	0.666666666666667
WT	CCW1	69	3	10	30	0.666666666666667
WT	CCW1	70	1	10	10	0.666666666666667
WT	CCW1	71	4	10	40	0.666666666666667
WT	CCW1	72	2	9	22.2222222222222	0.6
WT	CCW1	73	4	9	44.4444444444444	0.6
WT	CCW1	74	3	7	42.8571428571429	0.466666666666667
WT	CCW1	75	3	7	42.8571428571429	0.466666666666667
WT	CCW1	76	4	7	57.1428571428571	0.466666666666667
WT	CCW1	77	5	7	71.4285714285714	0.466666666666667
WT	CCW1	78	3	6	50	0.4
WT	CCW1	79	1	5	20	0.333333333333333
WT	CCW1	80	1	5	20	0.333333333333333
WT	CCW1	81	2	5	40	0.333333333333333
WT	CCW1	82	2	5	40	0.333333333333333
WT	CCW1	83	2	4	50	0.266666666666667
WT	CCW1	84	0	4	0	0.266666666666667
WT	CCW1	85	2	4	50	0.266666666666667
WT	CCW1	86	2	4	50	0.266666666666667
WT	CCW1	87	3	4	75	0.266666666666667
WT	CCW1	88	1	3	33.3333333333333	0.2
WT	CCW1	89	1	3	33.3333333333333	0.2
WT	CCW1	90	1	3	33.3333333333333	0.2
WT	CCW1	91	1	3	33.3333333333333	0.2
WT	CCW1	92	1	3	33.3333333333333	0.2
WT	CCW1	93	0	2	0	0.133333333333333
WT	CCW1	94	0	2	0	0.133333333333333
WT	CCW1	95	0	1	0	0.0666666666666667
WT	CCW1	96	1	1	100	0.0666666666666667
WT	CCW1	97	0	1	0	0.0666666666666667
WT	CCW1	98	1	1	100	0.0666666666666667
WT	CCW1	99	1	1	100	0.0666666666666667
WT	CCW2	1	4	15	26.6666666666667	1
WT	CCW2	2	2	15	13.3333333333333	1
WT	CCW2	3	6	15	40	1
WT	CCW2	4	5	15	33.3333333333333	1
WT	CCW2	5	6	15	40	1
WT	CCW2	6	5	15	33.3333333333333	1
WT	CCW2	7	7	15	46.6666666666667	1
WT	CCW2	8	3	15	20	1
WT	CCW2	9	6	15	40	1
WT	CCW2	10	5	15	33.3333333333333	1
WT	CCW2	11	6	15	40	1
WT	CCW2	12	4	15	26.6666666666667	1
WT	CCW2	13	3	15	20	1
WT	CCW2	14	8	15	53.3333333333333	1
WT	CCW2	15	7	15	46.6666666666667	1
WT	CCW2	16	5	15	33.3333333333333	1
WT	CCW2	17	3	15	20	1
WT	CCW2	18	6	15	40	1
WT	CCW2	19	5	15	33.3333333333333	1
WT	CCW2	20	2	15	13.3333333333333	1
WT	CCW2	21	5	15	33.3333333333333	1
WT	CCW2	22	3	15	20	1
WT	CCW2	23	9	15	60	1
WT	CCW2	24	3	15	20	1
WT	CCW2	25	6	15	40	1
WT	CCW2	26	4	15	26.6666666666667	1
WT	CCW2	27	4	15	26.6666666666667	1
WT	CCW2	28	2	15	13.3333333333333	1
WT	CCW2	29	6	15	40	1
WT	CCW2	30	4	15	26.6666666666667	1
WT	CCW2	31	3	15	20	1
WT	CCW2	32	6	15	40	1
WT	CCW2	33	5	15	33.3333333333333	1
WT	CCW2	34	2	15	13.3333333333333	1
WT	CCW2	35	6	15	40	1
WT	CCW2	36	7	15	46.6666666666667	1
WT	CCW2	37	3	15	20	1
WT	CCW2	38	5	15	33.3333333333333	1
WT	CCW2	39	6	15	40	1
WT	CCW2	40	5	15	33.3333333333333	1
WT	CCW2	41	6	15	40	1
WT	CCW2	42	7	15	46.6666666666667	1
WT	CCW2	43	4	15	26.6666666666667	1
WT	CCW2	44	4	15	26.6666666666667	1
WT	CCW2	45	5	15	33.3333333333333	1
WT	CCW2	46	5	15	33.3333333333333	1
WT	CCW2	47	8	15	53.3333333333333	1
WT	CCW2	48	6	15	40	1
WT	CCW2	49	5	15	33.3333333333333	1
WT	CCW2	50	5	15	33.3333333333333	1
WT	CCW2	51	5	15	33.3333333333333	1
WT	CCW2	52	3	15	20	1
WT	CCW2	53	5	15	33.3333333333333	1
WT	CCW2	54	3	15	20	1
WT	CCW2	55	7	13	53.8461538461538	0.866666666666667
WT	CCW2	56	4	13	30.7692307692308	0.866666666666667
WT	CCW2	57	3	13	23.0769230769231	0.866666666666667
WT	CCW2	58	3	13	23.0769230769231	0.866666666666667
WT	CCW2	59	5	13	38.4615384615385	0.866666666666667
WT	CCW2	60	4	13	30.7692307692308	0.866666666666667
WT	CCW2	61	5	12	41.6666666666667	0.8
WT	CCW2	62	1	12	8.33333333333333	0.8
WT	CCW2	63	5	12	41.6666666666667	0.8
WT	CCW2	64	4	11	36.3636363636364	0.733333333333333
WT	CCW2	65	1	11	9.09090909090909	0.733333333333333
WT	CCW2	66	5	11	45.4545454545455	0.733333333333333
WT	CCW2	67	3	11	27.2727272727273	0.733333333333333
WT	CCW2	68	5	11	45.4545454545455	0.733333333333333
WT	CCW2	69	4	11	36.3636363636364	0.733333333333333
WT	CCW2	70	3	11	27.2727272727273	0.733333333333333
WT	CCW2	71	3	10	30	0.666666666666667
WT	CCW2	72	5	10	50	0.666666666666667
WT	CCW2	73	1	9	11.1111111111111	0.6
WT	CCW2	74	4	9	44.4444444444444	0.6
WT	CCW2	75	2	9	22.2222222222222	0.6
WT	CCW2	76	4	9	44.4444444444444	0.6
WT	CCW2	77	2	9	22.2222222222222	0.6
WT	CCW2	78	0	8	0	0.533333333333333
WT	CCW2	79	3	8	37.5	0.533333333333333
WT	CCW2	80	2	7	28.5714285714286	0.466666666666667
WT	CCW2	81	4	7	57.1428571428571	0.466666666666667
WT	CCW2	82	2	7	28.5714285714286	0.466666666666667
WT	CCW2	83	2	7	28.5714285714286	0.466666666666667
WT	CCW2	84	4	7	57.1428571428571	0.466666666666667
WT	CCW2	85	4	7	57.1428571428571	0.466666666666667
WT	CCW2	86	3	6	50	0.4
WT	CCW2	87	1	5	20	0.333333333333333
WT	CCW2	88	2	5	40	0.333333333333333
WT	CCW2	89	3	5	60	0.333333333333333
WT	CCW2	90	3	5	60	0.333333333333333
WT	CCW2	91	3	5	60	0.333333333333333
WT	CCW2	92	2	3	66.6666666666667	0.2
WT	CCW2	93	1	3	33.3333333333333	0.2
WT	CCW2	94	1	3	33.3333333333333	0.2
WT	CCW2	95	3	3	100	0.2
WT	CCW2	96	1	1	100	0.0666666666666667
WT	CW1	1	0	15	0	1
WT	CW1	2	2	15	13.3333333333333	1
WT	CW1	3	4	15	26.6666666666667	1
WT	CW1	4	9	15	60	1
WT	CW1	5	3	15	20	1
WT	CW1	6	3	15	20	1
WT	CW1	7	7	15	46.6666666666667	1
WT	CW1	8	6	15	40	1
WT	CW1	9	5	15	33.3333333333333	1
WT	CW1	10	6	15	40	1
WT	CW1	11	9	15	60	1
WT	CW1	12	3	15	20	1
WT	CW1	13	7	15	46.6666666666667	1
WT	CW1	14	4	15	26.6666666666667	1
WT	CW1	15	6	15	40	1
WT	CW1	16	0	15	0	1
WT	CW1	17	7	15	46.6666666666667	1
WT	CW1	18	3	15	20	1
WT	CW1	19	8	15	53.3333333333333	1
WT	CW1	20	5	15	33.3333333333333	1
WT	CW1	21	3	15	20	1
WT	CW1	22	4	15	26.6666666666667	1
WT	CW1	23	4	15	26.6666666666667	1
WT	CW1	24	4	15	26.6666666666667	1
WT	CW1	25	5	15	33.3333333333333	1
WT	CW1	26	4	15	26.6666666666667	1
WT	CW1	27	6	15	40	1
WT	CW1	28	6	15	40	1
WT	CW1	29	5	15	33.3333333333333	1
WT	CW1	30	5	15	33.3333333333333	1
WT	CW1	31	2	15	13.3333333333333	1
WT	CW1	32	3	15	20	1
WT	CW1	33	8	15	53.3333333333333	1
WT	CW1	34	5	15	33.3333333333333	1
WT	CW1	35	4	15	26.6666666666667	1
WT	CW1	36	5	15	33.3333333333333	1
WT	CW1	37	6	15	40	1
WT	CW1	38	4	15	26.6666666666667	1
WT	CW1	39	6	15	40	1
WT	CW1	40	7	15	46.6666666666667	1
WT	CW1	41	4	15	26.6666666666667	1
WT	CW1	42	3	15	20	1
WT	CW1	43	5	15	33.3333333333333	1
WT	CW1	44	5	15	33.3333333333333	1
WT	CW1	45	3	15	20	1
WT	CW1	46	4	15	26.6666666666667	1
WT	CW1	47	5	15	33.3333333333333	1
WT	CW1	48	4	15	26.6666666666667	1
WT	CW1	49	7	15	46.6666666666667	1
WT	CW1	50	4	15	26.6666666666667	1
WT	CW1	51	4	15	26.6666666666667	1
WT	CW1	52	4	15	26.6666666666667	1
WT	CW1	53	8	15	53.3333333333333	1
WT	CW1	54	3	15	20	1
WT	CW1	55	6	15	40	1
WT	CW1	56	0	15	0	1
WT	CW1	57	2	15	13.3333333333333	1
WT	CW1	58	4	15	26.6666666666667	1
WT	CW1	59	8	15	53.3333333333333	1
WT	CW1	60	7	15	46.6666666666667	1
WT	CW1	61	4	15	26.6666666666667	1
WT	CW1	62	6	15	40	1
WT	CW1	63	5	15	33.3333333333333	1
WT	CW1	64	7	15	46.6666666666667	1
WT	CW1	65	8	15	53.3333333333333	1
WT	CW1	66	4	15	26.6666666666667	1
WT	CW1	67	4	15	26.6666666666667	1
WT	CW1	68	3	15	20	1
WT	CW1	69	2	15	13.3333333333333	1
WT	CW1	70	4	15	26.6666666666667	1
WT	CW1	71	6	15	40	1
WT	CW1	72	3	15	20	1
WT	CW1	73	5	15	33.3333333333333	1
WT	CW1	74	6	14	42.8571428571429	0.933333333333333
WT	CW1	75	5	14	35.7142857142857	0.933333333333333
WT	CW1	76	1	14	7.14285714285714	0.933333333333333
WT	CW1	77	3	13	23.0769230769231	0.866666666666667
WT	CW1	78	6	13	46.1538461538462	0.866666666666667
WT	CW1	79	3	13	23.0769230769231	0.866666666666667
WT	CW1	80	6	13	46.1538461538462	0.866666666666667
WT	CW1	81	6	12	50	0.8
WT	CW1	82	4	11	36.3636363636364	0.733333333333333
WT	CW1	83	4	11	36.3636363636364	0.733333333333333
WT	CW1	84	4	10	40	0.666666666666667
WT	CW1	85	2	10	20	0.666666666666667
WT	CW1	86	3	10	30	0.666666666666667
WT	CW1	87	1	10	10	0.666666666666667
WT	CW1	88	5	9	55.5555555555556	0.6
WT	CW1	89	1	8	12.5	0.533333333333333
WT	CW1	90	2	8	25	0.533333333333333
WT	CW1	91	1	7	14.2857142857143	0.466666666666667
WT	CW1	92	2	6	33.3333333333333	0.4
WT	CW1	93	3	6	50	0.4
WT	CW1	94	0	6	0	0.4
WT	CW1	95	1	6	16.6666666666667	0.4
WT	CW1	96	2	5	40	0.333333333333333
WT	CW1	97	3	5	60	0.333333333333333
WT	CW1	98	1	5	20	0.333333333333333
WT	CW1	99	1	5	20	0.333333333333333
WT	CW1	100	2	5	40	0.333333333333333
WT	CW1	101	1	5	20	0.333333333333333
WT	CW1	102	2	5	40	0.333333333333333
WT	CW1	103	2	5	40	0.333333333333333
WT	CW1	104	3	5	60	0.333333333333333
WT	CW1	105	2	5	40	0.333333333333333
WT	CW1	106	0	5	0	0.333333333333333
WT	CW1	107	1	5	20	0.333333333333333
WT	CW1	108	5	5	100	0.333333333333333
WT	CW1	109	1	5	20	0.333333333333333
WT	CW1	110	2	4	50	0.266666666666667
WT	CW1	111	1	4	25	0.266666666666667
WT	CW1	112	2	4	50	0.266666666666667
WT	CW1	113	3	4	75	0.266666666666667
WT	CW1	114	2	4	50	0.266666666666667
WT	CW1	115	3	4	75	0.266666666666667
WT	CW1	116	1	4	25	0.266666666666667
WT	CW1	117	0	4	0	0.266666666666667
WT	CW1	118	2	4	50	0.266666666666667
WT	CW1	119	1	3	33.3333333333333	0.2
WT	CW1	120	0	3	0	0.2
WT	CW1	121	2	3	66.6666666666667	0.2
WT	CW1	122	2	2	100	0.133333333333333
WT	CW1	123	0	1	0	0.0666666666666667
WT	CW1	124	0	1	0	0.0666666666666667
WT	CW1	125	1	1	100	0.0666666666666667
WT	CW1	126	0	1	0	0.0666666666666667
WT	CW1	127	0	1	0	0.0666666666666667
WT	CW1	128	0	1	0	0.0666666666666667
WT	CW1	129	1	1	100	0.0666666666666667
WT	CW1	130	1	1	100	0.0666666666666667
WT	CW1	131	0	1	0	0.0666666666666667
WT	CW1	132	0	1	0	0.0666666666666667
WT	CW1	133	0	1	0	0.0666666666666667
WT	CW1	134	0	1	0	0.0666666666666667
WT	CW1	135	1	1	100	0.0666666666666667
WT	CW2	1	3	15	20	1
WT	CW2	2	8	15	53.3333333333333	1
WT	CW2	3	5	15	33.3333333333333	1
WT	CW2	4	5	15	33.3333333333333	1
WT	CW2	5	5	15	33.3333333333333	1
WT	CW2	6	5	15	33.3333333333333	1
WT	CW2	7	4	15	26.6666666666667	1
WT	CW2	8	6	15	40	1
WT	CW2	9	6	15	40	1
WT	CW2	10	2	15	13.3333333333333	1
WT	CW2	11	6	15	40	1
WT	CW2	12	3	15	20	1
WT	CW2	13	8	15	53.3333333333333	1
WT	CW2	14	4	15	26.6666666666667	1
WT	CW2	15	6	15	40	1
WT	CW2	16	3	15	20	1
WT	CW2	17	9	15	60	1
WT	CW2	18	1	15	6.66666666666667	1
WT	CW2	19	6	15	40	1
WT	CW2	20	4	15	26.6666666666667	1
WT	CW2	21	6	15	40	1
WT	CW2	22	6	15	40	1
WT	CW2	23	7	15	46.6666666666667	1
WT	CW2	24	4	15	26.6666666666667	1
WT	CW2	25	4	15	26.6666666666667	1
WT	CW2	26	4	15	26.6666666666667	1
WT	CW2	27	10	15	66.6666666666667	1
WT	CW2	28	7	15	46.6666666666667	1
WT	CW2	29	4	15	26.6666666666667	1
WT	CW2	30	5	15	33.3333333333333	1
WT	CW2	31	3	15	20	1
WT	CW2	32	8	15	53.3333333333333	1
WT	CW2	33	7	15	46.6666666666667	1
WT	CW2	34	4	15	26.6666666666667	1
WT	CW2	35	6	15	40	1
WT	CW2	36	5	15	33.3333333333333	1
WT	CW2	37	7	15	46.6666666666667	1
WT	CW2	38	2	15	13.3333333333333	1
WT	CW2	39	4	15	26.6666666666667	1
WT	CW2	40	9	15	60	1
WT	CW2	41	4	15	26.6666666666667	1
WT	CW2	42	6	15	40	1
WT	CW2	43	5	15	33.3333333333333	1
WT	CW2	44	5	15	33.3333333333333	1
WT	CW2	45	3	15	20	1
WT	CW2	46	10	15	66.6666666666667	1
WT	CW2	47	1	15	6.66666666666667	1
WT	CW2	48	5	15	33.3333333333333	1
WT	CW2	49	8	15	53.3333333333333	1
WT	CW2	50	6	15	40	1
WT	CW2	51	5	15	33.3333333333333	1
WT	CW2	52	5	15	33.3333333333333	1
WT	CW2	53	5	15	33.3333333333333	1
WT	CW2	54	6	15	40	1
WT	CW2	55	3	15	20	1
WT	CW2	56	2	15	13.3333333333333	1
WT	CW2	57	5	15	33.3333333333333	1
WT	CW2	58	7	15	46.6666666666667	1
WT	CW2	59	4	15	26.6666666666667	1
WT	CW2	60	4	15	26.6666666666667	1
WT	CW2	61	3	15	20	1
WT	CW2	62	9	15	60	1
WT	CW2	63	4	15	26.6666666666667	1
WT	CW2	64	6	15	40	1
WT	CW2	65	8	15	53.3333333333333	1
WT	CW2	66	5	15	33.3333333333333	1
WT	CW2	67	5	14	35.7142857142857	0.933333333333333
WT	CW2	68	2	13	15.3846153846154	0.866666666666667
WT	CW2	69	3	13	23.0769230769231	0.866666666666667
WT	CW2	70	2	12	16.6666666666667	0.8
WT	CW2	71	2	12	16.6666666666667	0.8
WT	CW2	72	3	12	25	0.8
WT	CW2	73	2	12	16.6666666666667	0.8
WT	CW2	74	2	12	16.6666666666667	0.8
WT	CW2	75	6	12	50	0.8
WT	CW2	76	3	11	27.2727272727273	0.733333333333333
WT	CW2	77	4	11	36.3636363636364	0.733333333333333
WT	CW2	78	3	10	30	0.666666666666667
WT	CW2	79	5	10	50	0.666666666666667
WT	CW2	80	3	10	30	0.666666666666667
WT	CW2	81	5	9	55.5555555555556	0.6
WT	CW2	82	3	8	37.5	0.533333333333333
WT	CW2	83	4	8	50	0.533333333333333
WT	CW2	84	2	8	25	0.533333333333333
WT	CW2	85	2	8	25	0.533333333333333
WT	CW2	86	1	6	16.6666666666667	0.4
WT	CW2	87	2	6	33.3333333333333	0.4
WT	CW2	88	0	6	0	0.4
WT	CW2	89	1	6	16.6666666666667	0.4
WT	CW2	90	2	6	33.3333333333333	0.4
WT	CW2	91	3	6	50	0.4
WT	CW2	92	2	6	33.3333333333333	0.4
WT	CW2	93	2	6	33.3333333333333	0.4
WT	CW2	94	0	6	0	0.4
WT	CW2	95	1	6	16.6666666666667	0.4
WT	CW2	96	3	6	50	0.4
WT	CW2	97	2	6	33.3333333333333	0.4
WT	CW2	98	2	6	33.3333333333333	0.4
WT	CW2	99	0	6	0	0.4
WT	CW2	100	4	6	66.6666666666667	0.4
WT	CW2	101	0	6	0	0.4
WT	CW2	102	3	6	50	0.4
WT	CW2	103	1	5	20	0.333333333333333
WT	CW2	104	4	5	80	0.333333333333333
WT	CW2	105	3	4	75	0.266666666666667
WT	CW2	106	2	3	66.6666666666667	0.2
WT	CW2	107	2	3	66.6666666666667	0.2
WT	CW2	108	1	2	50	0.133333333333333
WT	CW2	109	0	2	0	0.133333333333333
WT	CW2	110	1	2	50	0.133333333333333
WT	CW2	111	1	2	50	0.133333333333333
WT	CW2	112	1	2	50	0.133333333333333
WT	CW2	113	2	2	100	0.133333333333333
WT	CW2	114	0	1	0	0.0666666666666667
WT	CW2	115	0	1	0	0.0666666666666667
WT	CW2	116	0	1	0	0.0666666666666667
WT	ELM1A	1	6	15	40	1
WT	ELM1A	2	8	15	53.3333333333333	1
WT	ELM1A	3	2	15	13.3333333333333	1
WT	ELM1A	4	4	15	26.6666666666667	1
WT	ELM1A	5	6	15	40	1
WT	ELM1A	6	3	15	20	1
WT	ELM1A	7	3	15	20	1
WT	ELM1A	8	4	15	26.6666666666667	1
WT	ELM1A	9	6	15	40	1
WT	ELM1A	10	4	15	26.6666666666667	1
WT	ELM1A	11	3	15	20	1
WT	ELM1A	12	3	15	20	1
WT	ELM1A	13	7	15	46.6666666666667	1
WT	ELM1A	14	7	15	46.6666666666667	1
WT	ELM1A	15	2	15	13.3333333333333	1
WT	ELM1A	16	6	15	40	1
WT	ELM1A	17	4	15	26.6666666666667	1
WT	ELM1A	18	3	15	20	1
WT	ELM1A	19	5	15	33.3333333333333	1
WT	ELM1A	20	3	15	20	1
WT	ELM1A	21	3	15	20	1
WT	ELM1A	22	8	15	53.3333333333333	1
WT	ELM1A	23	5	15	33.3333333333333	1
WT	ELM1A	24	2	15	13.3333333333333	1
WT	ELM1A	25	5	15	33.3333333333333	1
WT	ELM1A	26	5	15	33.3333333333333	1
WT	ELM1A	27	4	15	26.6666666666667	1
WT	ELM1A	28	2	15	13.3333333333333	1
WT	ELM1A	29	6	15	40	1
WT	ELM1A	30	7	15	46.6666666666667	1
WT	ELM1A	31	4	15	26.6666666666667	1
WT	ELM1A	32	3	15	20	1
WT	ELM1A	33	7	15	46.6666666666667	1
WT	ELM1A	34	2	15	13.3333333333333	1
WT	ELM1A	35	6	15	40	1
WT	ELM1A	36	3	15	20	1
WT	ELM1A	37	3	15	20	1
WT	ELM1A	38	4	15	26.6666666666667	1
WT	ELM1A	39	8	15	53.3333333333333	1
WT	ELM1A	40	8	15	53.3333333333333	1
WT	ELM1A	41	10	15	66.6666666666667	1
WT	ELM1A	42	5	15	33.3333333333333	1
WT	ELM1A	43	10	15	66.6666666666667	1
WT	ELM1A	44	6	15	40	1
WT	ELM1A	45	10	15	66.6666666666667	1
WT	ELM1A	46	5	15	33.3333333333333	1
WT	ELM1A	47	11	15	73.3333333333333	1
WT	ELM1A	48	7	15	46.6666666666667	1
WT	ELM1A	49	10	15	66.6666666666667	1
WT	ELM1A	50	4	15	26.6666666666667	1
WT	ELM1A	51	10	15	66.6666666666667	1
WT	ELM1A	52	8	15	53.3333333333333	1
WT	ELM1A	53	9	15	60	1
WT	ELM1A	54	5	15	33.3333333333333	1
WT	ELM1A	55	9	15	60	1
WT	ELM1A	56	12	15	80	1
WT	ELM1A	57	6	15	40	1
WT	ELM1A	58	9	15	60	1
WT	ELM1A	59	11	15	73.3333333333333	1
WT	ELM1A	60	10	15	66.6666666666667	1
WT	ELM1A	61	6	15	40	1
WT	ELM1A	62	8	15	53.3333333333333	1
WT	ELM1A	63	7	15	46.6666666666667	1
WT	ELM1A	64	6	15	40	1
WT	ELM1A	65	10	15	66.6666666666667	1
WT	ELM1A	66	9	15	60	1
WT	ELM1A	67	8	15	53.3333333333333	1
WT	ELM1A	68	9	15	60	1
WT	ELM1A	69	10	15	66.6666666666667	1
WT	ELM1A	70	7	15	46.6666666666667	1
WT	ELM1A	71	10	15	66.6666666666667	1
WT	ELM1A	72	9	15	60	1
WT	ELM1A	73	10	15	66.6666666666667	1
WT	ELM1A	74	7	15	46.6666666666667	1
WT	ELM1A	75	8	15	53.3333333333333	1
WT	ELM1A	76	10	15	66.6666666666667	1
WT	ELM1A	77	7	15	46.6666666666667	1
WT	ELM1A	78	9	15	60	1
WT	ELM1A	79	6	15	40	1
WT	ELM1A	80	7	15	46.6666666666667	1
WT	ELM1A	81	10	15	66.6666666666667	1
WT	ELM1A	82	8	15	53.3333333333333	1
WT	ELM1A	83	5	14	35.7142857142857	0.933333333333333
WT	ELM1A	84	9	14	64.2857142857143	0.933333333333333
WT	ELM1A	85	8	14	57.1428571428571	0.933333333333333
WT	ELM1A	86	5	14	35.7142857142857	0.933333333333333
WT	ELM1A	87	7	13	53.8461538461538	0.866666666666667
WT	ELM1A	88	7	13	53.8461538461538	0.866666666666667
WT	ELM1A	89	8	13	61.5384615384615	0.866666666666667
WT	ELM1A	90	10	13	76.9230769230769	0.866666666666667
WT	ELM1A	91	6	13	46.1538461538462	0.866666666666667
WT	ELM1A	92	8	13	61.5384615384615	0.866666666666667
WT	ELM1A	93	8	13	61.5384615384615	0.866666666666667
WT	ELM1A	94	7	13	53.8461538461538	0.866666666666667
WT	ELM1A	95	7	12	58.3333333333333	0.8
WT	ELM1A	96	6	11	54.5454545454545	0.733333333333333
WT	ELM1A	97	6	11	54.5454545454545	0.733333333333333
WT	ELM1A	98	8	11	72.7272727272727	0.733333333333333
WT	ELM1A	99	6	11	54.5454545454545	0.733333333333333
WT	ELM1A	100	4	10	40	0.666666666666667
WT	ELM1A	101	3	10	30	0.666666666666667
WT	ELM1A	102	5	10	50	0.666666666666667
WT	ELM1A	103	5	10	50	0.666666666666667
WT	ELM1A	104	5	10	50	0.666666666666667
WT	ELM1A	105	4	9	44.4444444444444	0.6
WT	ELM1A	106	6	9	66.6666666666667	0.6
WT	ELM1A	107	3	8	37.5	0.533333333333333
WT	ELM1A	108	4	8	50	0.533333333333333
WT	ELM1A	109	3	8	37.5	0.533333333333333
WT	ELM1A	110	3	8	37.5	0.533333333333333
WT	ELM1A	111	2	8	25	0.533333333333333
WT	ELM1A	112	5	8	62.5	0.533333333333333
WT	ELM1A	113	5	8	62.5	0.533333333333333
WT	ELM1A	114	4	7	57.1428571428571	0.466666666666667
WT	ELM1A	115	6	7	85.7142857142857	0.466666666666667
WT	ELM1A	116	3	7	42.8571428571429	0.466666666666667
WT	ELM1A	117	4	7	57.1428571428571	0.466666666666667
WT	ELM1A	118	2	7	28.5714285714286	0.466666666666667
WT	ELM1A	119	3	6	50	0.4
WT	ELM1A	120	4	6	66.6666666666667	0.4
WT	ELM1A	121	3	5	60	0.333333333333333
WT	ELM1A	122	1	5	20	0.333333333333333
WT	ELM1A	123	4	5	80	0.333333333333333
WT	ELM1A	124	2	5	40	0.333333333333333
WT	ELM1A	125	3	4	75	0.266666666666667
WT	ELM1A	126	1	4	25	0.266666666666667
WT	ELM1A	127	2	4	50	0.266666666666667
WT	ELM1A	128	0	3	0	0.2
WT	ELM1A	129	0	3	0	0.2
WT	ELM1A	130	0	3	0	0.2
WT	ELM1A	131	1	3	33.3333333333333	0.2
WT	ELM1A	132	1	3	33.3333333333333	0.2
WT	ELM1A	133	3	3	100	0.2
WT	ELM1A	134	1	3	33.3333333333333	0.2
WT	ELM1A	135	3	3	100	0.2
WT	ELM1A	136	1	3	33.3333333333333	0.2
WT	ELM1A	137	3	3	100	0.2
WT	ELM1A	138	2	3	66.6666666666667	0.2
WT	ELM1A	139	0	2	0	0.133333333333333
WT	ELM1A	140	1	2	50	0.133333333333333
WT	ELM1A	141	1	2	50	0.133333333333333
WT	ELM1A	142	1	1	100	0.0666666666666667
WT	ELM1A	143	0	1	0	0.0666666666666667
WT	ELM1A	144	1	1	100	0.0666666666666667
WT	ELM1A	145	1	1	100	0.0666666666666667
WT	ELM1A	146	1	1	100	0.0666666666666667
WT	ELM1A	147	0	1	0	0.0666666666666667
WT	ELM1A	148	0	1	0	0.0666666666666667
WT	ELM1A	149	0	1	0	0.0666666666666667
WT	ELM1A	150	0	1	0	0.0666666666666667
WT	ELM1A	151	0	1	0	0.0666666666666667
WT	ELM1A	152	1	1	100	0.0666666666666667
WT	ELM1A	153	1	1	100	0.0666666666666667
WT	ELM1A	154	0	1	0	0.0666666666666667
WT	ELM1A	155	1	1	100	0.0666666666666667
WT	ELM1A	156	1	1	100	0.0666666666666667
WT	ELM1A	157	0	1	0	0.0666666666666667
WT	ELM1A	158	0	1	0	0.0666666666666667
WT	ELM1A	159	1	1	100	0.0666666666666667
WT	ELM1A	160	1	1	100	0.0666666666666667
WT	ELM1A	161	1	1	100	0.0666666666666667
WT	ELM1A	162	1	1	100	0.0666666666666667
WT	ELM1A	163	1	1	100	0.0666666666666667
WT	ELM1A	164	1	1	100	0.0666666666666667
WT	ELM1A	165	0	1	0	0.0666666666666667
WT	ELM1A	166	0	1	0	0.0666666666666667
WT	ELM1A	167	0	1	0	0.0666666666666667
WT	ELM1A	168	0	1	0	0.0666666666666667
WT	ELM1A	169	1	1	100	0.0666666666666667
WT	ELM1A	170	0	1	0	0.0666666666666667
WT	ELM1A	171	1	1	100	0.0666666666666667
WT	ELM1A	172	0	1	0	0.0666666666666667
WT	ELM1A	173	0	1	0	0.0666666666666667
WT	ELM1A	174	0	1	0	0.0666666666666667
WT	ELM1A	175	0	1	0	0.0666666666666667
WT	ELM1R	1	5	15	33.3333333333333	1
WT	ELM1R	2	6	15	40	1
WT	ELM1R	3	7	15	46.6666666666667	1
WT	ELM1R	4	5	15	33.3333333333333	1
WT	ELM1R	5	8	15	53.3333333333333	1
WT	ELM1R	6	7	15	46.6666666666667	1
WT	ELM1R	7	5	15	33.3333333333333	1
WT	ELM1R	8	3	15	20	1
WT	ELM1R	9	9	15	60	1
WT	ELM1R	10	6	15	40	1
WT	ELM1R	11	3	15	20	1
WT	ELM1R	12	6	15	40	1
WT	ELM1R	13	3	15	20	1
WT	ELM1R	14	4	15	26.6666666666667	1
WT	ELM1R	15	6	15	40	1
WT	ELM1R	16	7	15	46.6666666666667	1
WT	ELM1R	17	7	15	46.6666666666667	1
WT	ELM1R	18	5	15	33.3333333333333	1
WT	ELM1R	19	7	15	46.6666666666667	1
WT	ELM1R	20	7	15	46.6666666666667	1
WT	ELM1R	21	10	15	66.6666666666667	1
WT	ELM1R	22	6	15	40	1
WT	ELM1R	23	6	15	40	1
WT	ELM1R	24	5	15	33.3333333333333	1
WT	ELM1R	25	7	15	46.6666666666667	1
WT	ELM1R	26	7	15	46.6666666666667	1
WT	ELM1R	27	6	15	40	1
WT	ELM1R	28	10	15	66.6666666666667	1
WT	ELM1R	29	6	15	40	1
WT	ELM1R	30	6	15	40	1
WT	ELM1R	31	8	15	53.3333333333333	1
WT	ELM1R	32	5	15	33.3333333333333	1
WT	ELM1R	33	6	15	40	1
WT	ELM1R	34	7	15	46.6666666666667	1
WT	ELM1R	35	8	15	53.3333333333333	1
WT	ELM1R	36	10	15	66.6666666666667	1
WT	ELM1R	37	10	15	66.6666666666667	1
WT	ELM1R	38	7	15	46.6666666666667	1
WT	ELM1R	39	8	15	53.3333333333333	1
WT	ELM1R	40	8	15	53.3333333333333	1
WT	ELM1R	41	11	15	73.3333333333333	1
WT	ELM1R	42	11	15	73.3333333333333	1
WT	ELM1R	43	12	15	80	1
WT	ELM1R	44	10	15	66.6666666666667	1
WT	ELM1R	45	11	15	73.3333333333333	1
WT	ELM1R	46	9	15	60	1
WT	ELM1R	47	9	15	60	1
WT	ELM1R	48	11	15	73.3333333333333	1
WT	ELM1R	49	11	15	73.3333333333333	1
WT	ELM1R	50	10	15	66.6666666666667	1
WT	ELM1R	51	13	15	86.6666666666667	1
WT	ELM1R	52	11	15	73.3333333333333	1
WT	ELM1R	53	10	15	66.6666666666667	1
WT	ELM1R	54	11	15	73.3333333333333	1
WT	ELM1R	55	11	15	73.3333333333333	1
WT	ELM1R	56	9	15	60	1
WT	ELM1R	57	11	15	73.3333333333333	1
WT	ELM1R	58	8	15	53.3333333333333	1
WT	ELM1R	59	12	15	80	1
WT	ELM1R	60	13	15	86.6666666666667	1
WT	ELM1R	61	12	15	80	1
WT	ELM1R	62	11	15	73.3333333333333	1
WT	ELM1R	63	7	15	46.6666666666667	1
WT	ELM1R	64	12	15	80	1
WT	ELM1R	65	12	15	80	1
WT	ELM1R	66	11	15	73.3333333333333	1
WT	ELM1R	67	11	15	73.3333333333333	1
WT	ELM1R	68	10	15	66.6666666666667	1
WT	ELM1R	69	14	15	93.3333333333333	1
WT	ELM1R	70	11	15	73.3333333333333	1
WT	ELM1R	71	11	15	73.3333333333333	1
WT	ELM1R	72	10	15	66.6666666666667	1
WT	ELM1R	73	13	15	86.6666666666667	1
WT	ELM1R	74	12	15	80	1
WT	ELM1R	75	10	15	66.6666666666667	1
WT	ELM1R	76	10	15	66.6666666666667	1
WT	ELM1R	77	11	15	73.3333333333333	1
WT	ELM1R	78	12	15	80	1
WT	ELM1R	79	9	15	60	1
WT	ELM1R	80	7	15	46.6666666666667	1
WT	ELM1R	81	11	15	73.3333333333333	1
WT	ELM1R	82	8	15	53.3333333333333	1
WT	ELM1R	83	10	15	66.6666666666667	1
WT	ELM1R	84	9	15	60	1
WT	ELM1R	85	10	15	66.6666666666667	1
WT	ELM1R	86	12	15	80	1
WT	ELM1R	87	10	15	66.6666666666667	1
WT	ELM1R	88	11	15	73.3333333333333	1
WT	ELM1R	89	10	15	66.6666666666667	1
WT	ELM1R	90	10	14	71.4285714285714	0.933333333333333
WT	ELM1R	91	9	14	64.2857142857143	0.933333333333333
WT	ELM1R	92	8	14	57.1428571428571	0.933333333333333
WT	ELM1R	93	9	14	64.2857142857143	0.933333333333333
WT	ELM1R	94	7	13	53.8461538461538	0.866666666666667
WT	ELM1R	95	6	13	46.1538461538462	0.866666666666667
WT	ELM1R	96	8	13	61.5384615384615	0.866666666666667
WT	ELM1R	97	7	13	53.8461538461538	0.866666666666667
WT	ELM1R	98	7	13	53.8461538461538	0.866666666666667
WT	ELM1R	99	6	13	46.1538461538462	0.866666666666667
WT	ELM1R	100	9	13	69.2307692307692	0.866666666666667
WT	ELM1R	101	8	11	72.7272727272727	0.733333333333333
WT	ELM1R	102	7	11	63.6363636363636	0.733333333333333
WT	ELM1R	103	4	11	36.3636363636364	0.733333333333333
WT	ELM1R	104	6	11	54.5454545454545	0.733333333333333
WT	ELM1R	105	6	11	54.5454545454545	0.733333333333333
WT	ELM1R	106	6	11	54.5454545454545	0.733333333333333
WT	ELM1R	107	7	11	63.6363636363636	0.733333333333333
WT	ELM1R	108	8	11	72.7272727272727	0.733333333333333
WT	ELM1R	109	7	10	70	0.666666666666667
WT	ELM1R	110	4	9	44.4444444444444	0.6
WT	ELM1R	111	6	9	66.6666666666667	0.6
WT	ELM1R	112	2	8	25	0.533333333333333
WT	ELM1R	113	5	8	62.5	0.533333333333333
WT	ELM1R	114	5	7	71.4285714285714	0.466666666666667
WT	ELM1R	115	3	6	50	0.4
WT	ELM1R	116	5	6	83.3333333333333	0.4
WT	ELM1R	117	4	6	66.6666666666667	0.4
WT	ELM1R	118	4	6	66.6666666666667	0.4
WT	ELM1R	119	3	6	50	0.4
WT	ELM1R	120	4	5	80	0.333333333333333
WT	ELM1R	121	2	4	50	0.266666666666667
WT	ELM1R	122	0	4	0	0.266666666666667
WT	ELM1R	123	1	4	25	0.266666666666667
WT	ELM1R	124	2	4	50	0.266666666666667
WT	ELM1R	125	2	3	66.6666666666667	0.2
WT	ELM1R	126	2	3	66.6666666666667	0.2
WT	ELM1R	127	0	3	0	0.2
WT	ELM1R	128	1	3	33.3333333333333	0.2
WT	ELM1R	129	1	3	33.3333333333333	0.2
WT	ELM1R	130	0	3	0	0.2
WT	ELM1R	131	1	3	33.3333333333333	0.2
WT	ELM1R	132	1	3	33.3333333333333	0.2
WT	ELM1R	133	1	3	33.3333333333333	0.2
WT	ELM1R	134	1	3	33.3333333333333	0.2
WT	ELM1R	135	2	3	66.6666666666667	0.2
WT	ELM1R	136	2	3	66.6666666666667	0.2
WT	ELM1R	137	0	3	0	0.2
WT	ELM1R	138	0	3	0	0.2
WT	ELM1R	139	1	3	33.3333333333333	0.2
WT	ELM1R	140	3	3	100	0.2
WT	ELM1R	141	2	3	66.6666666666667	0.2
WT	ELM1R	142	2	3	66.6666666666667	0.2
WT	ELM1R	143	2	3	66.6666666666667	0.2
WT	ELM1R	144	0	3	0	0.2
WT	ELM1R	145	0	3	0	0.2
WT	ELM1R	146	1	3	33.3333333333333	0.2
WT	ELM1R	147	1	3	33.3333333333333	0.2
WT	ELM1R	148	1	3	33.3333333333333	0.2
WT	ELM1R	149	2	2	100	0.133333333333333
WT	ELM1R	150	0	2	0	0.133333333333333
WT	ELM1R	151	1	2	50	0.133333333333333
WT	ELM1R	152	2	2	100	0.133333333333333
WT	ELM1R	153	1	1	100	0.0666666666666667
WT	ELM1R	154	0	1	0	0.0666666666666667
WT	ELM1R	155	0	1	0	0.0666666666666667
WT	ELM1R	156	0	1	0	0.0666666666666667
WT	ELM1R	157	1	1	100	0.0666666666666667
WT	ELM1R	158	0	1	0	0.0666666666666667
WT	ELM1R	159	0	1	0	0.0666666666666667
WT	ELM1R	160	0	1	0	0.0666666666666667
WT	ELM1R	161	1	1	100	0.0666666666666667
WT	ELM1R	162	1	1	100	0.0666666666666667
WT	ELM1R	163	1	1	100	0.0666666666666667
WT	ELM1R	164	0	1	0	0.0666666666666667
WT	ELM1R	165	1	1	100	0.0666666666666667
WT	ELM1R	166	1	1	100	0.0666666666666667
WT	ELM1R	167	0	1	0	0.0666666666666667
WT	ELM1R	168	1	1	100	0.0666666666666667
WT	ELM1R	169	0	1	0	0.0666666666666667
WT	ELM1R	170	0	1	0	0.0666666666666667
WT	ELM1R	171	0	1	0	0.0666666666666667
WT	ELM1R	172	0	1	0	0.0666666666666667
WT	ELM1R	173	0	1	0	0.0666666666666667
WT	ELM1R	174	0	1	0	0.0666666666666667
WT	ELM1R	175	0	1	0	0.0666666666666667
WT	ELM1R	176	0	1	0	0.0666666666666667
WT	ELM1R	177	0	1	0	0.0666666666666667
WT	ELM2A	1	12	15	80	1
WT	ELM2A	2	8	15	53.3333333333333	1
WT	ELM2A	3	5	15	33.3333333333333	1
WT	ELM2A	4	8	15	53.3333333333333	1
WT	ELM2A	5	4	15	26.6666666666667	1
WT	ELM2A	6	7	15	46.6666666666667	1
WT	ELM2A	7	3	15	20	1
WT	ELM2A	8	6	15	40	1
WT	ELM2A	9	8	15	53.3333333333333	1
WT	ELM2A	10	8	15	53.3333333333333	1
WT	ELM2A	11	4	15	26.6666666666667	1
WT	ELM2A	12	5	15	33.3333333333333	1
WT	ELM2A	13	6	15	40	1
WT	ELM2A	14	6	15	40	1
WT	ELM2A	15	6	15	40	1
WT	ELM2A	16	6	15	40	1
WT	ELM2A	17	5	15	33.3333333333333	1
WT	ELM2A	18	3	15	20	1
WT	ELM2A	19	3	15	20	1
WT	ELM2A	20	4	15	26.6666666666667	1
WT	ELM2A	21	4	15	26.6666666666667	1
WT	ELM2A	22	1	15	6.66666666666667	1
WT	ELM2A	23	5	15	33.3333333333333	1
WT	ELM2A	24	5	15	33.3333333333333	1
WT	ELM2A	25	6	15	40	1
WT	ELM2A	26	7	15	46.6666666666667	1
WT	ELM2A	27	7	15	46.6666666666667	1
WT	ELM2A	28	7	15	46.6666666666667	1
WT	ELM2A	29	8	15	53.3333333333333	1
WT	ELM2A	30	6	15	40	1
WT	ELM2A	31	9	15	60	1
WT	ELM2A	32	6	15	40	1
WT	ELM2A	33	8	15	53.3333333333333	1
WT	ELM2A	34	12	15	80	1
WT	ELM2A	35	12	15	80	1
WT	ELM2A	36	7	15	46.6666666666667	1
WT	ELM2A	37	9	15	60	1
WT	ELM2A	38	9	15	60	1
WT	ELM2A	39	11	15	73.3333333333333	1
WT	ELM2A	40	4	15	26.6666666666667	1
WT	ELM2A	41	7	15	46.6666666666667	1
WT	ELM2A	42	9	15	60	1
WT	ELM2A	43	12	15	80	1
WT	ELM2A	44	7	15	46.6666666666667	1
WT	ELM2A	45	9	15	60	1
WT	ELM2A	46	7	15	46.6666666666667	1
WT	ELM2A	47	12	15	80	1
WT	ELM2A	48	6	15	40	1
WT	ELM2A	49	8	15	53.3333333333333	1
WT	ELM2A	50	9	15	60	1
WT	ELM2A	51	10	15	66.6666666666667	1
WT	ELM2A	52	8	15	53.3333333333333	1
WT	ELM2A	53	11	15	73.3333333333333	1
WT	ELM2A	54	10	15	66.6666666666667	1
WT	ELM2A	55	10	15	66.6666666666667	1
WT	ELM2A	56	11	15	73.3333333333333	1
WT	ELM2A	57	13	15	86.6666666666667	1
WT	ELM2A	58	5	15	33.3333333333333	1
WT	ELM2A	59	6	15	40	1
WT	ELM2A	60	10	15	66.6666666666667	1
WT	ELM2A	61	8	15	53.3333333333333	1
WT	ELM2A	62	7	15	46.6666666666667	1
WT	ELM2A	63	7	15	46.6666666666667	1
WT	ELM2A	64	6	15	40	1
WT	ELM2A	65	8	15	53.3333333333333	1
WT	ELM2A	66	8	15	53.3333333333333	1
WT	ELM2A	67	8	15	53.3333333333333	1
WT	ELM2A	68	12	15	80	1
WT	ELM2A	69	9	15	60	1
WT	ELM2A	70	6	15	40	1
WT	ELM2A	71	10	15	66.6666666666667	1
WT	ELM2A	72	8	15	53.3333333333333	1
WT	ELM2A	73	9	15	60	1
WT	ELM2A	74	8	15	53.3333333333333	1
WT	ELM2A	75	7	15	46.6666666666667	1
WT	ELM2A	76	3	15	20	1
WT	ELM2A	77	8	15	53.3333333333333	1
WT	ELM2A	78	7	15	46.6666666666667	1
WT	ELM2A	79	7	15	46.6666666666667	1
WT	ELM2A	80	7	15	46.6666666666667	1
WT	ELM2A	81	7	15	46.6666666666667	1
WT	ELM2A	82	8	15	53.3333333333333	1
WT	ELM2A	83	8	15	53.3333333333333	1
WT	ELM2A	84	8	15	53.3333333333333	1
WT	ELM2A	85	9	15	60	1
WT	ELM2A	86	9	15	60	1
WT	ELM2A	87	6	15	40	1
WT	ELM2A	88	4	15	26.6666666666667	1
WT	ELM2A	89	7	15	46.6666666666667	1
WT	ELM2A	90	6	15	40	1
WT	ELM2A	91	4	15	26.6666666666667	1
WT	ELM2A	92	6	15	40	1
WT	ELM2A	93	8	15	53.3333333333333	1
WT	ELM2A	94	7	15	46.6666666666667	1
WT	ELM2A	95	6	15	40	1
WT	ELM2A	96	5	15	33.3333333333333	1
WT	ELM2A	97	8	15	53.3333333333333	1
WT	ELM2A	98	10	15	66.6666666666667	1
WT	ELM2A	99	6	15	40	1
WT	ELM2A	100	5	15	33.3333333333333	1
WT	ELM2A	101	5	15	33.3333333333333	1
WT	ELM2A	102	5	15	33.3333333333333	1
WT	ELM2A	103	7	15	46.6666666666667	1
WT	ELM2A	104	9	15	60	1
WT	ELM2A	105	8	15	53.3333333333333	1
WT	ELM2A	106	7	15	46.6666666666667	1
WT	ELM2A	107	4	14	28.5714285714286	0.933333333333333
WT	ELM2A	108	3	14	21.4285714285714	0.933333333333333
WT	ELM2A	109	4	14	28.5714285714286	0.933333333333333
WT	ELM2A	110	5	13	38.4615384615385	0.866666666666667
WT	ELM2A	111	5	13	38.4615384615385	0.866666666666667
WT	ELM2A	112	4	12	33.3333333333333	0.8
WT	ELM2A	113	3	12	25	0.8
WT	ELM2A	114	5	12	41.6666666666667	0.8
WT	ELM2A	115	3	12	25	0.8
WT	ELM2A	116	3	11	27.2727272727273	0.733333333333333
WT	ELM2A	117	5	11	45.4545454545455	0.733333333333333
WT	ELM2A	118	5	9	55.5555555555556	0.6
WT	ELM2A	119	2	9	22.2222222222222	0.6
WT	ELM2A	120	5	9	55.5555555555556	0.6
WT	ELM2A	121	3	8	37.5	0.533333333333333
WT	ELM2A	122	3	6	50	0.4
WT	ELM2A	123	2	6	33.3333333333333	0.4
WT	ELM2A	124	3	6	50	0.4
WT	ELM2A	125	3	6	50	0.4
WT	ELM2A	126	1	6	16.6666666666667	0.4
WT	ELM2A	127	1	6	16.6666666666667	0.4
WT	ELM2A	128	1	6	16.6666666666667	0.4
WT	ELM2A	129	3	6	50	0.4
WT	ELM2A	130	2	6	33.3333333333333	0.4
WT	ELM2A	131	3	6	50	0.4
WT	ELM2A	132	3	5	60	0.333333333333333
WT	ELM2A	133	2	5	40	0.333333333333333
WT	ELM2A	134	2	4	50	0.266666666666667
WT	ELM2A	135	1	4	25	0.266666666666667
WT	ELM2A	136	2	4	50	0.266666666666667
WT	ELM2A	137	2	4	50	0.266666666666667
WT	ELM2A	138	2	4	50	0.266666666666667
WT	ELM2A	139	2	4	50	0.266666666666667
WT	ELM2A	140	1	4	25	0.266666666666667
WT	ELM2A	141	0	4	0	0.266666666666667
WT	ELM2A	142	0	4	0	0.266666666666667
WT	ELM2A	143	0	4	0	0.266666666666667
WT	ELM2A	144	2	4	50	0.266666666666667
WT	ELM2A	145	3	4	75	0.266666666666667
WT	ELM2A	146	2	3	66.6666666666667	0.2
WT	ELM2A	147	0	3	0	0.2
WT	ELM2A	148	0	3	0	0.2
WT	ELM2A	149	2	3	66.6666666666667	0.2
WT	ELM2A	150	0	2	0	0.133333333333333
WT	ELM2A	151	1	2	50	0.133333333333333
WT	ELM2A	152	1	2	50	0.133333333333333
WT	ELM2A	153	2	2	100	0.133333333333333
WT	ELM2A	154	1	2	50	0.133333333333333
WT	ELM2A	155	1	2	50	0.133333333333333
WT	ELM2A	156	0	2	0	0.133333333333333
WT	ELM2A	157	1	2	50	0.133333333333333
WT	ELM2A	158	0	2	0	0.133333333333333
WT	ELM2A	159	0	2	0	0.133333333333333
WT	ELM2A	160	0	1	0	0.0666666666666667
WT	ELM2A	161	0	1	0	0.0666666666666667
WT	ELM2A	162	0	1	0	0.0666666666666667
WT	ELM2A	163	0	1	0	0.0666666666666667
WT	ELM2A	164	0	1	0	0.0666666666666667
WT	ELM2A	165	0	1	0	0.0666666666666667
WT	ELM2A	166	0	1	0	0.0666666666666667
WT	ELM2A	167	0	1	0	0.0666666666666667
WT	ELM2A	168	0	1	0	0.0666666666666667
WT	ELM2A	169	1	1	100	0.0666666666666667
WT	ELM2A	170	0	1	0	0.0666666666666667
WT	ELM2A	171	0	1	0	0.0666666666666667
WT	ELM2A	172	0	1	0	0.0666666666666667
WT	ELM2A	173	1	1	100	0.0666666666666667
WT	ELM2A	174	0	1	0	0.0666666666666667
WT	ELM2A	175	1	1	100	0.0666666666666667
WT	ELM2R	1	6	15	40	1
WT	ELM2R	2	6	15	40	1
WT	ELM2R	3	5	15	33.3333333333333	1
WT	ELM2R	4	3	15	20	1
WT	ELM2R	5	6	15	40	1
WT	ELM2R	6	4	15	26.6666666666667	1
WT	ELM2R	7	6	15	40	1
WT	ELM2R	8	7	15	46.6666666666667	1
WT	ELM2R	9	6	15	40	1
WT	ELM2R	10	7	15	46.6666666666667	1
WT	ELM2R	11	4	15	26.6666666666667	1
WT	ELM2R	12	8	15	53.3333333333333	1
WT	ELM2R	13	6	15	40	1
WT	ELM2R	14	6	15	40	1
WT	ELM2R	15	4	15	26.6666666666667	1
WT	ELM2R	16	6	15	40	1
WT	ELM2R	17	8	15	53.3333333333333	1
WT	ELM2R	18	8	15	53.3333333333333	1
WT	ELM2R	19	9	15	60	1
WT	ELM2R	20	4	15	26.6666666666667	1
WT	ELM2R	21	6	15	40	1
WT	ELM2R	22	7	15	46.6666666666667	1
WT	ELM2R	23	11	15	73.3333333333333	1
WT	ELM2R	24	9	15	60	1
WT	ELM2R	25	7	15	46.6666666666667	1
WT	ELM2R	26	7	15	46.6666666666667	1
WT	ELM2R	27	10	15	66.6666666666667	1
WT	ELM2R	28	10	15	66.6666666666667	1
WT	ELM2R	29	12	15	80	1
WT	ELM2R	30	10	15	66.6666666666667	1
WT	ELM2R	31	9	15	60	1
WT	ELM2R	32	10	15	66.6666666666667	1
WT	ELM2R	33	9	15	60	1
WT	ELM2R	34	10	15	66.6666666666667	1
WT	ELM2R	35	11	15	73.3333333333333	1
WT	ELM2R	36	9	15	60	1
WT	ELM2R	37	11	15	73.3333333333333	1
WT	ELM2R	38	9	15	60	1
WT	ELM2R	39	9	15	60	1
WT	ELM2R	40	10	15	66.6666666666667	1
WT	ELM2R	41	10	15	66.6666666666667	1
WT	ELM2R	42	15	15	100	1
WT	ELM2R	43	11	15	73.3333333333333	1
WT	ELM2R	44	13	15	86.6666666666667	1
WT	ELM2R	45	7	15	46.6666666666667	1
WT	ELM2R	46	11	15	73.3333333333333	1
WT	ELM2R	47	13	15	86.6666666666667	1
WT	ELM2R	48	8	15	53.3333333333333	1
WT	ELM2R	49	13	15	86.6666666666667	1
WT	ELM2R	50	11	15	73.3333333333333	1
WT	ELM2R	51	10	15	66.6666666666667	1
WT	ELM2R	52	9	15	60	1
WT	ELM2R	53	10	15	66.6666666666667	1
WT	ELM2R	54	12	15	80	1
WT	ELM2R	55	4	15	26.6666666666667	1
WT	ELM2R	56	11	15	73.3333333333333	1
WT	ELM2R	57	10	15	66.6666666666667	1
WT	ELM2R	58	10	15	66.6666666666667	1
WT	ELM2R	59	10	15	66.6666666666667	1
WT	ELM2R	60	10	15	66.6666666666667	1
WT	ELM2R	61	9	15	60	1
WT	ELM2R	62	11	15	73.3333333333333	1
WT	ELM2R	63	6	15	40	1
WT	ELM2R	64	12	15	80	1
WT	ELM2R	65	8	15	53.3333333333333	1
WT	ELM2R	66	11	15	73.3333333333333	1
WT	ELM2R	67	10	15	66.6666666666667	1
WT	ELM2R	68	11	15	73.3333333333333	1
WT	ELM2R	69	10	15	66.6666666666667	1
WT	ELM2R	70	9	15	60	1
WT	ELM2R	71	8	15	53.3333333333333	1
WT	ELM2R	72	6	15	40	1
WT	ELM2R	73	8	15	53.3333333333333	1
WT	ELM2R	74	6	15	40	1
WT	ELM2R	75	9	15	60	1
WT	ELM2R	76	8	15	53.3333333333333	1
WT	ELM2R	77	9	15	60	1
WT	ELM2R	78	7	14	50	0.933333333333333
WT	ELM2R	79	11	14	78.5714285714286	0.933333333333333
WT	ELM2R	80	8	14	57.1428571428571	0.933333333333333
WT	ELM2R	81	7	14	50	0.933333333333333
WT	ELM2R	82	7	14	50	0.933333333333333
WT	ELM2R	83	5	14	35.7142857142857	0.933333333333333
WT	ELM2R	84	9	14	64.2857142857143	0.933333333333333
WT	ELM2R	85	9	14	64.2857142857143	0.933333333333333
WT	ELM2R	86	8	14	57.1428571428571	0.933333333333333
WT	ELM2R	87	6	14	42.8571428571429	0.933333333333333
WT	ELM2R	88	7	14	50	0.933333333333333
WT	ELM2R	89	7	14	50	0.933333333333333
WT	ELM2R	90	8	14	57.1428571428571	0.933333333333333
WT	ELM2R	91	4	14	28.5714285714286	0.933333333333333
WT	ELM2R	92	8	14	57.1428571428571	0.933333333333333
WT	ELM2R	93	4	14	28.5714285714286	0.933333333333333
WT	ELM2R	94	6	14	42.8571428571429	0.933333333333333
WT	ELM2R	95	6	14	42.8571428571429	0.933333333333333
WT	ELM2R	96	6	14	42.8571428571429	0.933333333333333
WT	ELM2R	97	7	14	50	0.933333333333333
WT	ELM2R	98	5	13	38.4615384615385	0.866666666666667
WT	ELM2R	99	5	13	38.4615384615385	0.866666666666667
WT	ELM2R	100	6	13	46.1538461538462	0.866666666666667
WT	ELM2R	101	7	13	53.8461538461538	0.866666666666667
WT	ELM2R	102	6	13	46.1538461538462	0.866666666666667
WT	ELM2R	103	7	13	53.8461538461538	0.866666666666667
WT	ELM2R	104	4	13	30.7692307692308	0.866666666666667
WT	ELM2R	105	7	13	53.8461538461538	0.866666666666667
WT	ELM2R	106	7	13	53.8461538461538	0.866666666666667
WT	ELM2R	107	2	13	15.3846153846154	0.866666666666667
WT	ELM2R	108	5	12	41.6666666666667	0.8
WT	ELM2R	109	7	12	58.3333333333333	0.8
WT	ELM2R	110	7	12	58.3333333333333	0.8
WT	ELM2R	111	1	11	9.09090909090909	0.733333333333333
WT	ELM2R	112	4	11	36.3636363636364	0.733333333333333
WT	ELM2R	113	2	10	20	0.666666666666667
WT	ELM2R	114	4	10	40	0.666666666666667
WT	ELM2R	115	3	10	30	0.666666666666667
WT	ELM2R	116	5	9	55.5555555555556	0.6
WT	ELM2R	117	3	7	42.8571428571429	0.466666666666667
WT	ELM2R	118	3	7	42.8571428571429	0.466666666666667
WT	ELM2R	119	2	6	33.3333333333333	0.4
WT	ELM2R	120	3	6	50	0.4
WT	ELM2R	121	3	6	50	0.4
WT	ELM2R	122	1	6	16.6666666666667	0.4
WT	ELM2R	123	4	6	66.6666666666667	0.4
WT	ELM2R	124	2	6	33.3333333333333	0.4
WT	ELM2R	125	3	6	50	0.4
WT	ELM2R	126	2	6	33.3333333333333	0.4
WT	ELM2R	127	1	6	16.6666666666667	0.4
WT	ELM2R	128	2	6	33.3333333333333	0.4
WT	ELM2R	129	4	6	66.6666666666667	0.4
WT	ELM2R	130	3	6	50	0.4
WT	ELM2R	131	4	6	66.6666666666667	0.4
WT	ELM2R	132	2	5	40	0.333333333333333
WT	ELM2R	133	2	4	50	0.266666666666667
WT	ELM2R	134	2	4	50	0.266666666666667
WT	ELM2R	135	0	4	0	0.266666666666667
WT	ELM2R	136	1	4	25	0.266666666666667
WT	ELM2R	137	1	4	25	0.266666666666667
WT	ELM2R	138	2	4	50	0.266666666666667
WT	ELM2R	139	1	4	25	0.266666666666667
WT	ELM2R	140	0	3	0	0.2
WT	ELM2R	141	1	3	33.3333333333333	0.2
WT	ELM2R	142	2	3	66.6666666666667	0.2
WT	ELM2R	143	2	3	66.6666666666667	0.2
WT	ELM2R	144	1	3	33.3333333333333	0.2
WT	ELM2R	145	0	2	0	0.133333333333333
WT	ELM2R	146	0	2	0	0.133333333333333
WT	ELM2R	147	0	2	0	0.133333333333333
WT	ELM2R	148	0	2	0	0.133333333333333
WT	ELM2R	149	0	2	0	0.133333333333333
WT	ELM2R	150	0	2	0	0.133333333333333
WT	ELM2R	151	1	2	50	0.133333333333333
WT	ELM2R	152	1	2	50	0.133333333333333
WT	ELM2R	153	1	2	50	0.133333333333333
WT	ELM2R	154	0	1	0	0.0666666666666667
WT	ELM2R	155	1	1	100	0.0666666666666667
WT	ELM2R	156	0	1	0	0.0666666666666667
WT	ELM2R	157	0	1	0	0.0666666666666667
WT	ELM2R	158	0	1	0	0.0666666666666667
WT	ELM2R	159	1	1	100	0.0666666666666667
WT	ELM2R	160	0	1	0	0.0666666666666667
WT	MRL	1	1	15	6.66666666666667	1
WT	MRL	2	0	15	0	1
WT	MRL	3	6	15	40	1
WT	MRL	4	3	15	20	1
WT	MRL	5	7	15	46.6666666666667	1
WT	MRL	6	4	15	26.6666666666667	1
WT	MRL	7	3	15	20	1
WT	MRL	8	6	15	40	1
WT	MRL	9	7	15	46.6666666666667	1
WT	MRL	10	6	15	40	1
WT	MRL	11	8	15	53.3333333333333	1
WT	MRL	12	9	15	60	1
WT	MRL	13	6	15	40	1
WT	MRL	14	9	15	60	1
WT	MRL	15	5	15	33.3333333333333	1
WT	MRL	16	6	15	40	1
WT	MRL	17	5	15	33.3333333333333	1
WT	MRL	18	8	15	53.3333333333333	1
WT	MRL	19	5	15	33.3333333333333	1
WT	MRL	20	8	15	53.3333333333333	1
WT	MRL	21	7	15	46.6666666666667	1
WT	MRL	22	8	15	53.3333333333333	1
WT	MRL	23	3	15	20	1
WT	MRL	24	10	15	66.6666666666667	1
WT	MRL	25	4	15	26.6666666666667	1
WT	MRL	26	5	15	33.3333333333333	1
WT	MRL	27	7	15	46.6666666666667	1
WT	MRL	28	9	15	60	1
WT	MRL	29	7	15	46.6666666666667	1
WT	MRL	30	3	15	20	1
WT	MRL	31	8	15	53.3333333333333	1
WT	MRL	32	3	15	20	1
WT	MRL	33	8	15	53.3333333333333	1
WT	MRL	34	10	15	66.6666666666667	1
WT	MRL	35	8	15	53.3333333333333	1
WT	MRL	36	8	15	53.3333333333333	1
WT	MRL	37	7	15	46.6666666666667	1
WT	MRL	38	8	15	53.3333333333333	1
WT	MRL	39	9	15	60	1
WT	MRL	40	9	15	60	1
WT	MRL	41	6	15	40	1
WT	MRL	42	6	15	40	1
WT	MRL	43	11	15	73.3333333333333	1
WT	MRL	44	6	15	40	1
WT	MRL	45	7	15	46.6666666666667	1
WT	MRL	46	8	15	53.3333333333333	1
WT	MRL	47	10	15	66.6666666666667	1
WT	MRL	48	6	14	42.8571428571429	0.933333333333333
WT	MRL	49	11	14	78.5714285714286	0.933333333333333
WT	MRL	50	4	14	28.5714285714286	0.933333333333333
WT	MRL	51	6	14	42.8571428571429	0.933333333333333
WT	MRL	52	5	13	38.4615384615385	0.866666666666667
WT	MRL	53	7	13	53.8461538461538	0.866666666666667
WT	MRL	54	6	13	46.1538461538462	0.866666666666667
WT	MRL	55	7	13	53.8461538461538	0.866666666666667
WT	MRL	56	8	13	61.5384615384615	0.866666666666667
WT	MRL	57	3	12	25	0.8
WT	MRL	58	5	11	45.4545454545455	0.733333333333333
WT	MRL	59	7	11	63.6363636363636	0.733333333333333
WT	MRL	60	1	11	9.09090909090909	0.733333333333333
WT	MRL	61	4	11	36.3636363636364	0.733333333333333
WT	MRL	62	6	11	54.5454545454545	0.733333333333333
WT	MRL	63	4	11	36.3636363636364	0.733333333333333
WT	MRL	64	3	11	27.2727272727273	0.733333333333333
WT	MRL	65	4	11	36.3636363636364	0.733333333333333
WT	MRL	66	3	11	27.2727272727273	0.733333333333333
WT	MRL	67	10	11	90.9090909090909	0.733333333333333
WT	MRL	68	2	10	20	0.666666666666667
WT	MRL	69	2	10	20	0.666666666666667
WT	MRL	70	5	10	50	0.666666666666667
WT	MRL	71	2	10	20	0.666666666666667
WT	MRL	72	8	9	88.8888888888889	0.6
WT	MRL	73	3	8	37.5	0.533333333333333
WT	MRL	74	2	8	25	0.533333333333333
WT	MRL	75	6	8	75	0.533333333333333
WT	MRL	76	1	7	14.2857142857143	0.466666666666667
WT	MRL	77	2	6	33.3333333333333	0.4
WT	MRL	78	2	6	33.3333333333333	0.4
WT	MRL	79	5	6	83.3333333333333	0.4
WT	MRL	80	2	6	33.3333333333333	0.4
WT	MRL	81	2	5	40	0.333333333333333
WT	MRL	82	3	5	60	0.333333333333333
WT	MRL	83	3	5	60	0.333333333333333
WT	MRL	84	3	4	75	0.266666666666667
WT	MRL	85	2	4	50	0.266666666666667
WT	MRL	86	2	4	50	0.266666666666667
WT	MRL	87	1	2	50	0.133333333333333
WT	MRL	88	0	1	0	0.0666666666666667
WT	MRL	89	0	1	0	0.0666666666666667
WT	MRL	90	1	1	100	0.0666666666666667
WT	PL	1	5	15	33.3333333333333	1
WT	PL	2	6	15	40	1
WT	PL	3	3	15	20	1
WT	PL	4	7	15	46.6666666666667	1
WT	PL	5	6	15	40	1
WT	PL	6	4	15	26.6666666666667	1
WT	PL	7	7	15	46.6666666666667	1
WT	PL	8	4	15	26.6666666666667	1
WT	PL	9	3	15	20	1
WT	PL	10	4	15	26.6666666666667	1
WT	PL	11	6	15	40	1
WT	PL	12	7	15	46.6666666666667	1
WT	PL	13	2	15	13.3333333333333	1
WT	PL	14	5	15	33.3333333333333	1
WT	PL	15	7	15	46.6666666666667	1
WT	PL	16	3	15	20	1
WT	PL	17	6	15	40	1
WT	PL	18	5	15	33.3333333333333	1
WT	PL	19	7	15	46.6666666666667	1
WT	PL	20	7	15	46.6666666666667	1
WT	PL	21	6	15	40	1
WT	PL	22	8	15	53.3333333333333	1
WT	PL	23	7	15	46.6666666666667	1
WT	PL	24	9	15	60	1
WT	PL	25	8	15	53.3333333333333	1
WT	PL	26	5	15	33.3333333333333	1
WT	PL	27	5	15	33.3333333333333	1
WT	PL	28	7	15	46.6666666666667	1
WT	PL	29	6	15	40	1
WT	PL	30	11	15	73.3333333333333	1
WT	PL	31	6	15	40	1
WT	PL	32	8	15	53.3333333333333	1
WT	PL	33	7	15	46.6666666666667	1
WT	PL	34	6	15	40	1
WT	PL	35	5	15	33.3333333333333	1
WT	PL	36	7	15	46.6666666666667	1
WT	PL	37	8	15	53.3333333333333	1
WT	PL	38	7	15	46.6666666666667	1
WT	PL	39	7	15	46.6666666666667	1
WT	PL	40	7	15	46.6666666666667	1
WT	PL	41	10	15	66.6666666666667	1
WT	PL	42	6	15	40	1
WT	PL	43	9	15	60	1
WT	PL	44	8	15	53.3333333333333	1
WT	PL	45	9	15	60	1
WT	PL	46	9	15	60	1
WT	PL	47	7	15	46.6666666666667	1
WT	PL	48	5	15	33.3333333333333	1
WT	PL	49	8	15	53.3333333333333	1
WT	PL	50	7	15	46.6666666666667	1
WT	PL	51	6	15	40	1
WT	PL	52	8	15	53.3333333333333	1
WT	PL	53	7	15	46.6666666666667	1
WT	PL	54	10	15	66.6666666666667	1
WT	PL	55	6	14	42.8571428571429	0.933333333333333
WT	PL	56	10	14	71.4285714285714	0.933333333333333
WT	PL	57	4	14	28.5714285714286	0.933333333333333
WT	PL	58	9	14	64.2857142857143	0.933333333333333
WT	PL	59	10	14	71.4285714285714	0.933333333333333
WT	PL	60	7	14	50	0.933333333333333
WT	PL	61	8	14	57.1428571428571	0.933333333333333
WT	PL	62	8	14	57.1428571428571	0.933333333333333
WT	PL	63	10	14	71.4285714285714	0.933333333333333
WT	PL	64	10	14	71.4285714285714	0.933333333333333
WT	PL	65	8	14	57.1428571428571	0.933333333333333
WT	PL	66	7	14	50	0.933333333333333
WT	PL	67	7	14	50	0.933333333333333
WT	PL	68	7	14	50	0.933333333333333
WT	PL	69	10	14	71.4285714285714	0.933333333333333
WT	PL	70	8	13	61.5384615384615	0.866666666666667
WT	PL	71	6	12	50	0.8
WT	PL	72	8	12	66.6666666666667	0.8
WT	PL	73	7	12	58.3333333333333	0.8
WT	PL	74	6	12	50	0.8
WT	PL	75	9	12	75	0.8
WT	PL	76	5	12	41.6666666666667	0.8
WT	PL	77	8	12	66.6666666666667	0.8
WT	PL	78	5	12	41.6666666666667	0.8
WT	PL	79	7	12	58.3333333333333	0.8
WT	PL	80	9	12	75	0.8
WT	PL	81	8	12	66.6666666666667	0.8
WT	PL	82	5	12	41.6666666666667	0.8
WT	PL	83	5	11	45.4545454545455	0.733333333333333
WT	PL	84	9	11	81.8181818181818	0.733333333333333
WT	PL	85	6	11	54.5454545454545	0.733333333333333
WT	PL	86	8	11	72.7272727272727	0.733333333333333
WT	PL	87	4	11	36.3636363636364	0.733333333333333
WT	PL	88	8	10	80	0.666666666666667
WT	PL	89	6	10	60	0.666666666666667
WT	PL	90	5	9	55.5555555555556	0.6
WT	PL	91	5	9	55.5555555555556	0.6
WT	PL	92	4	9	44.4444444444444	0.6
WT	PL	93	2	8	25	0.533333333333333
WT	PL	94	4	8	50	0.533333333333333
WT	PL	95	1	7	14.2857142857143	0.466666666666667
WT	PL	96	3	7	42.8571428571429	0.466666666666667
WT	PL	97	5	7	71.4285714285714	0.466666666666667
WT	PL	98	3	6	50	0.4
WT	PL	99	3	5	60	0.333333333333333
WT	PL	100	3	5	60	0.333333333333333
WT	PL	101	3	5	60	0.333333333333333
WT	PL	102	1	3	33.3333333333333	0.2
WT	PL	103	1	3	33.3333333333333	0.2
WT	PL	104	1	3	33.3333333333333	0.2
WT	PL	105	2	3	66.6666666666667	0.2
WT	PL	106	1	3	33.3333333333333	0.2
WT	PL	107	2	3	66.6666666666667	0.2
WT	PL	108	0	3	0	0.2
WT	PL	109	1	2	50	0.133333333333333
WT	PL	110	2	2	100	0.133333333333333
WT	PL	111	0	2	0	0.133333333333333
WT	PL	112	1	2	50	0.133333333333333
WT	PL	113	0	2	0	0.133333333333333
WT	PL	114	1	2	50	0.133333333333333
WT	PL	115	1	2	50	0.133333333333333
WT	PL	116	0	2	0	0.133333333333333
WT	PL	117	1	2	50	0.133333333333333
WT	PL	118	1	2	50	0.133333333333333
WT	PL	119	1	2	50	0.133333333333333
WT	PL	120	0	2	0	0.133333333333333
WT	PL	121	1	2	50	0.133333333333333
WT	PL	122	1	2	50	0.133333333333333
WT	PL	123	1	1	100	0.0666666666666667
WT	PL	124	0	1	0	0.0666666666666667
WT	PL	125	1	1	100	0.0666666666666667
WT	PL	126	0	1	0	0.0666666666666667
WT	PL	127	1	1	100	0.0666666666666667
WT	PL	128	0	1	0	0.0666666666666667
WT	PL	129	0	1	0	0.0666666666666667
WT	PL	130	1	1	100	0.0666666666666667
WT	PL	131	1	1	100	0.0666666666666667
WT	PL	132	0	1	0	0.0666666666666667
WT	PL	133	1	1	100	0.0666666666666667
WT	PL	134	0	1	0	0.0666666666666667
WT	PL	135	0	1	0	0.0666666666666667
WT	PL	136	0	1	0	0.0666666666666667
WT	PL	137	0	1	0	0.0666666666666667
WT	PL	138	0	1	0	0.0666666666666667
WT	RL	1	3	15	20	1
WT	RL	2	0	15	0	1
WT	RL	3	2	15	13.3333333333333	1
WT	RL	4	3	15	20	1
WT	RL	5	3	15	20	1
WT	RL	6	4	15	26.6666666666667	1
WT	RL	7	5	15	33.3333333333333	1
WT	RL	8	3	15	20	1
WT	RL	9	5	15	33.3333333333333	1
WT	RL	10	5	15	33.3333333333333	1
WT	RL	11	5	15	33.3333333333333	1
WT	RL	12	5	15	33.3333333333333	1
WT	RL	13	4	15	26.6666666666667	1
WT	RL	14	7	15	46.6666666666667	1
WT	RL	15	6	15	40	1
WT	RL	16	8	15	53.3333333333333	1
WT	RL	17	4	15	26.6666666666667	1
WT	RL	18	6	15	40	1
WT	RL	19	8	15	53.3333333333333	1
WT	RL	20	8	15	53.3333333333333	1
WT	RL	21	5	15	33.3333333333333	1
WT	RL	22	5	15	33.3333333333333	1
WT	RL	23	7	15	46.6666666666667	1
WT	RL	24	5	15	33.3333333333333	1
WT	RL	25	10	15	66.6666666666667	1
WT	RL	26	8	15	53.3333333333333	1
WT	RL	27	4	15	26.6666666666667	1
WT	RL	28	7	15	46.6666666666667	1
WT	RL	29	9	15	60	1
WT	RL	30	7	15	46.6666666666667	1
WT	RL	31	5	15	33.3333333333333	1
WT	RL	32	8	15	53.3333333333333	1
WT	RL	33	7	15	46.6666666666667	1
WT	RL	34	7	15	46.6666666666667	1
WT	RL	35	6	15	40	1
WT	RL	36	10	15	66.6666666666667	1
WT	RL	37	9	15	60	1
WT	RL	38	7	15	46.6666666666667	1
WT	RL	39	7	15	46.6666666666667	1
WT	RL	40	5	15	33.3333333333333	1
WT	RL	41	6	15	40	1
WT	RL	42	11	15	73.3333333333333	1
WT	RL	43	8	15	53.3333333333333	1
WT	RL	44	4	15	26.6666666666667	1
WT	RL	45	9	15	60	1
WT	RL	46	10	15	66.6666666666667	1
WT	RL	47	8	15	53.3333333333333	1
WT	RL	48	9	15	60	1
WT	RL	49	9	15	60	1
WT	RL	50	6	15	40	1
WT	RL	51	10	15	66.6666666666667	1
WT	RL	52	9	15	60	1
WT	RL	53	9	14	64.2857142857143	0.933333333333333
WT	RL	54	6	14	42.8571428571429	0.933333333333333
WT	RL	55	9	14	64.2857142857143	0.933333333333333
WT	RL	56	11	14	78.5714285714286	0.933333333333333
WT	RL	57	6	14	42.8571428571429	0.933333333333333
WT	RL	58	10	14	71.4285714285714	0.933333333333333
WT	RL	59	8	14	57.1428571428571	0.933333333333333
WT	RL	60	7	14	50	0.933333333333333
WT	RL	61	10	14	71.4285714285714	0.933333333333333
WT	RL	62	9	14	64.2857142857143	0.933333333333333
WT	RL	63	10	14	71.4285714285714	0.933333333333333
WT	RL	64	9	14	64.2857142857143	0.933333333333333
WT	RL	65	9	14	64.2857142857143	0.933333333333333
WT	RL	66	11	14	78.5714285714286	0.933333333333333
WT	RL	67	7	14	50	0.933333333333333
WT	RL	68	7	14	50	0.933333333333333
WT	RL	69	8	13	61.5384615384615	0.866666666666667
WT	RL	70	8	12	66.6666666666667	0.8
WT	RL	71	3	12	25	0.8
WT	RL	72	8	12	66.6666666666667	0.8
WT	RL	73	10	12	83.3333333333333	0.8
WT	RL	74	7	12	58.3333333333333	0.8
WT	RL	75	7	11	63.6363636363636	0.733333333333333
WT	RL	76	5	11	45.4545454545455	0.733333333333333
WT	RL	77	8	9	88.8888888888889	0.6
WT	RL	78	5	9	55.5555555555556	0.6
WT	RL	79	4	9	44.4444444444444	0.6
WT	RL	80	4	9	44.4444444444444	0.6
WT	RL	81	7	9	77.7777777777778	0.6
WT	RL	82	6	8	75	0.533333333333333
WT	RL	83	5	8	62.5	0.533333333333333
WT	RL	84	4	8	50	0.533333333333333
WT	RL	85	3	8	37.5	0.533333333333333
WT	RL	86	5	8	62.5	0.533333333333333
WT	RL	87	5	8	62.5	0.533333333333333
WT	RL	88	4	7	57.1428571428571	0.466666666666667
WT	RL	89	3	7	42.8571428571429	0.466666666666667
WT	RL	90	3	6	50	0.4
WT	RL	91	2	6	33.3333333333333	0.4
WT	RL	92	3	6	50	0.4
WT	RL	93	4	6	66.6666666666667	0.4
WT	RL	94	2	5	40	0.333333333333333
WT	RL	95	3	5	60	0.333333333333333
WT	RL	96	2	5	40	0.333333333333333
WT	RL	97	2	5	40	0.333333333333333
WT	RL	98	3	5	60	0.333333333333333
WT	RL	99	3	5	60	0.333333333333333
WT	RL	100	4	5	80	0.333333333333333
WT	RL	101	1	3	33.3333333333333	0.2
WT	RL	102	1	2	50	0.133333333333333
WT	RL	103	0	2	0	0.133333333333333
WT	RL	104	1	2	50	0.133333333333333
WT	RL	105	0	1	0	0.0666666666666667
WT	RL	106	0	1	0	0.0666666666666667
WT	RL	107	1	1	100	0.0666666666666667
WT	RL	108	1	1	100	0.0666666666666667
WT	RL	109	0	1	0	0.0666666666666667
WT	RL	110	0	1	0	0.0666666666666667
WT	RL	111	0	1	0	0.0666666666666667
WT	RL	112	1	1	100	0.0666666666666667
WT	RL	113	0	1	0	0.0666666666666667
WT	RL	114	0	1	0	0.0666666666666667
WT	RL	115	0	1	0	0.0666666666666667
WT	RL	116	1	1	100	0.0666666666666667
WT	RL	117	1	1	100	0.0666666666666667
