Group	Challenge	Number_DAs	Success_DAs	Number_Individuals	Percentage_Success	Remaining
WT	CCW1	0	0	1	0	0.142857142857143
WT	CCW1	1	0	7	0	1
WT	CCW1	2	2	7	28.5714285714286	1
WT	CCW1	3	4	7	57.1428571428571	1
WT	CCW1	4	2	7	28.5714285714286	1
WT	CCW1	5	3	7	42.8571428571429	1
WT	CCW1	6	0	7	0	1
WT	CCW1	7	2	7	28.5714285714286	1
WT	CCW1	8	3	7	42.8571428571429	1
WT	CCW1	9	1	7	14.2857142857143	1
WT	CCW1	10	0	7	0	1
WT	CCW1	11	3	7	42.8571428571429	1
WT	CCW1	12	3	7	42.8571428571429	1
WT	CCW1	13	3	7	42.8571428571429	1
WT	CCW1	14	1	7	14.2857142857143	1
WT	CCW1	15	5	7	71.4285714285714	1
WT	CCW1	16	1	7	14.2857142857143	1
WT	CCW1	17	2	7	28.5714285714286	1
WT	CCW1	18	6	7	85.7142857142857	1
WT	CCW1	19	3	7	42.8571428571429	1
WT	CCW1	20	1	7	14.2857142857143	1
WT	CCW1	21	1	7	14.2857142857143	1
WT	CCW1	22	4	7	57.1428571428571	1
WT	CCW1	23	5	7	71.4285714285714	1
WT	CCW1	24	1	7	14.2857142857143	1
WT	CCW1	25	4	7	57.1428571428571	1
WT	CCW1	26	2	7	28.5714285714286	1
WT	CCW1	27	2	7	28.5714285714286	1
WT	CCW1	28	3	7	42.8571428571429	1
WT	CCW1	29	5	7	71.4285714285714	1
WT	CCW1	30	5	7	71.4285714285714	1
WT	CCW1	31	1	7	14.2857142857143	1
WT	CCW1	32	2	7	28.5714285714286	1
WT	CCW1	33	5	7	71.4285714285714	1
WT	CCW1	34	2	7	28.5714285714286	1
WT	CCW1	35	3	7	42.8571428571429	1
WT	CCW1	36	1	7	14.2857142857143	1
WT	CCW1	37	5	7	71.4285714285714	1
WT	CCW1	38	2	7	28.5714285714286	1
WT	CCW1	39	2	7	28.5714285714286	1
WT	CCW1	40	3	7	42.8571428571429	1
WT	CCW1	41	4	7	57.1428571428571	1
WT	CCW1	42	1	7	14.2857142857143	1
WT	CCW1	43	0	7	0	1
WT	CCW1	44	2	7	28.5714285714286	1
WT	CCW1	45	3	7	42.8571428571429	1
WT	CCW1	46	3	7	42.8571428571429	1
WT	CCW1	47	3	7	42.8571428571429	1
WT	CCW1	48	4	7	57.1428571428571	1
WT	CCW1	49	2	7	28.5714285714286	1
WT	CCW1	50	4	7	57.1428571428571	1
WT	CCW1	51	1	7	14.2857142857143	1
WT	CCW1	52	0	7	0	1
WT	CCW1	53	4	7	57.1428571428571	1
WT	CCW1	54	2	7	28.5714285714286	1
WT	CCW1	55	2	7	28.5714285714286	1
WT	CCW1	56	2	7	28.5714285714286	1
WT	CCW1	57	3	7	42.8571428571429	1
WT	CCW1	58	5	7	71.4285714285714	1
WT	CCW1	59	3	7	42.8571428571429	1
WT	CCW1	60	2	7	28.5714285714286	1
WT	CCW1	61	3	7	42.8571428571429	1
WT	CCW1	62	2	7	28.5714285714286	1
WT	CCW1	63	4	7	57.1428571428571	1
WT	CCW1	64	1	7	14.2857142857143	1
WT	CCW1	65	3	7	42.8571428571429	1
WT	CCW1	66	1	7	14.2857142857143	1
WT	CCW1	67	1	7	14.2857142857143	1
WT	CCW1	68	3	7	42.8571428571429	1
WT	CCW1	69	3	7	42.8571428571429	1
WT	CCW1	70	4	7	57.1428571428571	1
WT	CCW1	71	1	7	14.2857142857143	1
WT	CCW1	72	3	7	42.8571428571429	1
WT	CCW1	73	3	7	42.8571428571429	1
WT	CCW1	74	2	7	28.5714285714286	1
WT	CCW1	75	3	7	42.8571428571429	1
WT	CCW1	76	2	7	28.5714285714286	1
WT	CCW1	77	3	7	42.8571428571429	1
WT	CCW1	78	2	7	28.5714285714286	1
WT	CCW1	79	5	7	71.4285714285714	1
WT	CCW1	80	1	7	14.2857142857143	1
WT	CCW1	81	2	7	28.5714285714286	1
WT	CCW1	82	2	7	28.5714285714286	1
WT	CCW1	83	0	7	0	1
WT	CCW1	84	3	7	42.8571428571429	1
WT	CCW1	85	1	7	14.2857142857143	1
WT	CCW1	86	2	7	28.5714285714286	1
WT	CCW1	87	5	7	71.4285714285714	1
WT	CCW1	88	2	7	28.5714285714286	1
WT	CCW1	89	3	7	42.8571428571429	1
WT	CCW1	90	2	7	28.5714285714286	1
WT	CCW1	91	1	7	14.2857142857143	1
WT	CCW1	92	5	7	71.4285714285714	1
WT	CCW1	93	2	7	28.5714285714286	1
WT	CCW1	94	3	7	42.8571428571429	1
WT	CCW1	95	2	7	28.5714285714286	1
WT	CCW1	96	1	7	14.2857142857143	1
WT	CCW1	97	4	7	57.1428571428571	1
WT	CCW1	98	3	7	42.8571428571429	1
WT	CCW1	99	3	7	42.8571428571429	1
WT	CCW1	100	2	7	28.5714285714286	1
WT	CCW1	101	1	7	14.2857142857143	1
WT	CCW1	102	5	7	71.4285714285714	1
WT	CCW1	103	2	7	28.5714285714286	1
WT	CCW1	104	1	7	14.2857142857143	1
WT	CCW1	105	4	7	57.1428571428571	1
WT	CCW1	106	1	7	14.2857142857143	1
WT	CCW1	107	3	7	42.8571428571429	1
WT	CCW1	108	2	7	28.5714285714286	1
WT	CCW1	109	4	7	57.1428571428571	1
WT	CCW1	110	1	7	14.2857142857143	1
WT	CCW1	111	2	7	28.5714285714286	1
WT	CCW1	112	4	7	57.1428571428571	1
WT	CCW1	113	2	7	28.5714285714286	1
WT	CCW1	114	2	7	28.5714285714286	1
WT	CCW1	115	3	7	42.8571428571429	1
WT	CCW1	116	2	7	28.5714285714286	1
WT	CCW1	117	2	7	28.5714285714286	1
WT	CCW1	118	3	7	42.8571428571429	1
WT	CCW1	119	4	7	57.1428571428571	1
WT	CCW1	120	3	7	42.8571428571429	1
WT	CCW1	121	1	7	14.2857142857143	1
WT	CCW1	122	2	7	28.5714285714286	1
WT	CCW1	123	1	7	14.2857142857143	1
WT	CCW1	124	2	7	28.5714285714286	1
WT	CCW1	125	2	7	28.5714285714286	1
WT	CCW1	126	3	7	42.8571428571429	1
WT	CCW1	127	4	7	57.1428571428571	1
WT	CCW1	128	3	7	42.8571428571429	1
WT	CCW1	129	3	7	42.8571428571429	1
WT	CCW1	130	3	7	42.8571428571429	1
WT	CCW1	131	3	7	42.8571428571429	1
WT	CCW1	132	1	7	14.2857142857143	1
WT	CCW1	133	4	7	57.1428571428571	1
WT	CCW1	134	3	7	42.8571428571429	1
WT	CCW1	135	4	7	57.1428571428571	1
WT	CCW1	136	3	7	42.8571428571429	1
WT	CCW1	137	1	7	14.2857142857143	1
WT	CCW1	138	5	7	71.4285714285714	1
WT	CCW1	139	3	7	42.8571428571429	1
WT	CCW1	140	4	7	57.1428571428571	1
WT	CCW1	141	2	7	28.5714285714286	1
WT	CCW1	142	2	7	28.5714285714286	1
WT	CCW1	143	3	7	42.8571428571429	1
WT	CCW1	144	2	7	28.5714285714286	1
WT	CCW1	145	2	7	28.5714285714286	1
WT	CCW1	146	1	7	14.2857142857143	1
WT	CCW1	147	1	7	14.2857142857143	1
WT	CCW1	148	3	7	42.8571428571429	1
WT	CCW1	149	3	7	42.8571428571429	1
WT	CCW1	150	2	6	33.3333333333333	0.857142857142857
WT	CCW1	151	3	5	60	0.714285714285714
WT	CCW1	152	1	5	20	0.714285714285714
WT	CCW1	153	2	5	40	0.714285714285714
WT	CCW1	154	2	4	50	0.571428571428571
WT	CCW1	155	0	4	0	0.571428571428571
WT	CCW1	156	2	4	50	0.571428571428571
WT	CCW1	157	3	4	75	0.571428571428571
WT	CCW1	158	0	4	0	0.571428571428571
WT	CCW1	159	0	4	0	0.571428571428571
WT	CCW1	160	2	4	50	0.571428571428571
WT	CCW1	161	1	3	33.3333333333333	0.428571428571429
WT	CCW1	162	1	3	33.3333333333333	0.428571428571429
WT	CCW1	163	1	3	33.3333333333333	0.428571428571429
WT	CCW1	164	1	3	33.3333333333333	0.428571428571429
WT	CCW1	165	0	3	0	0.428571428571429
WT	CCW1	166	1	3	33.3333333333333	0.428571428571429
WT	CCW1	167	2	3	66.6666666666667	0.428571428571429
WT	CCW1	168	1	3	33.3333333333333	0.428571428571429
WT	CCW1	169	1	3	33.3333333333333	0.428571428571429
WT	CCW1	170	1	3	33.3333333333333	0.428571428571429
WT	CCW1	171	1	3	33.3333333333333	0.428571428571429
WT	CCW1	172	0	2	0	0.285714285714286
WT	CCW1	173	1	2	50	0.285714285714286
WT	CCW1	174	0	2	0	0.285714285714286
WT	CCW1	175	2	2	100	0.285714285714286
WT	CCW1	176	0	2	0	0.285714285714286
WT	CCW1	177	0	2	0	0.285714285714286
WT	CCW1	178	0	1	0	0.142857142857143
WT	CCW1	179	1	1	100	0.142857142857143
WT	CCW1	180	1	1	100	0.142857142857143
WT	CCW1	181	0	1	0	0.142857142857143
WT	CCW1	182	1	1	100	0.142857142857143
WT	CCW2	0	0	1	0	0.142857142857143
WT	CCW2	1	2	7	28.5714285714286	1
WT	CCW2	2	4	7	57.1428571428571	1
WT	CCW2	3	2	7	28.5714285714286	1
WT	CCW2	4	4	7	57.1428571428571	1
WT	CCW2	5	3	7	42.8571428571429	1
WT	CCW2	6	4	7	57.1428571428571	1
WT	CCW2	7	2	7	28.5714285714286	1
WT	CCW2	8	0	7	0	1
WT	CCW2	9	3	7	42.8571428571429	1
WT	CCW2	10	6	7	85.7142857142857	1
WT	CCW2	11	3	7	42.8571428571429	1
WT	CCW2	12	0	7	0	1
WT	CCW2	13	2	7	28.5714285714286	1
WT	CCW2	14	3	7	42.8571428571429	1
WT	CCW2	15	1	7	14.2857142857143	1
WT	CCW2	16	2	7	28.5714285714286	1
WT	CCW2	17	3	7	42.8571428571429	1
WT	CCW2	18	3	7	42.8571428571429	1
WT	CCW2	19	4	7	57.1428571428571	1
WT	CCW2	20	1	7	14.2857142857143	1
WT	CCW2	21	3	7	42.8571428571429	1
WT	CCW2	22	2	7	28.5714285714286	1
WT	CCW2	23	4	7	57.1428571428571	1
WT	CCW2	24	3	7	42.8571428571429	1
WT	CCW2	25	2	7	28.5714285714286	1
WT	CCW2	26	3	7	42.8571428571429	1
WT	CCW2	27	1	7	14.2857142857143	1
WT	CCW2	28	2	7	28.5714285714286	1
WT	CCW2	29	4	7	57.1428571428571	1
WT	CCW2	30	4	7	57.1428571428571	1
WT	CCW2	31	2	7	28.5714285714286	1
WT	CCW2	32	4	7	57.1428571428571	1
WT	CCW2	33	2	7	28.5714285714286	1
WT	CCW2	34	2	7	28.5714285714286	1
WT	CCW2	35	2	7	28.5714285714286	1
WT	CCW2	36	3	7	42.8571428571429	1
WT	CCW2	37	2	7	28.5714285714286	1
WT	CCW2	38	2	7	28.5714285714286	1
WT	CCW2	39	2	7	28.5714285714286	1
WT	CCW2	40	4	7	57.1428571428571	1
WT	CCW2	41	1	7	14.2857142857143	1
WT	CCW2	42	1	7	14.2857142857143	1
WT	CCW2	43	2	7	28.5714285714286	1
WT	CCW2	44	4	7	57.1428571428571	1
WT	CCW2	45	2	7	28.5714285714286	1
WT	CCW2	46	3	7	42.8571428571429	1
WT	CCW2	47	3	7	42.8571428571429	1
WT	CCW2	48	3	7	42.8571428571429	1
WT	CCW2	49	5	7	71.4285714285714	1
WT	CCW2	50	3	7	42.8571428571429	1
WT	CCW2	51	2	7	28.5714285714286	1
WT	CCW2	52	2	7	28.5714285714286	1
WT	CCW2	53	4	7	57.1428571428571	1
WT	CCW2	54	3	7	42.8571428571429	1
WT	CCW2	55	3	7	42.8571428571429	1
WT	CCW2	56	4	7	57.1428571428571	1
WT	CCW2	57	2	7	28.5714285714286	1
WT	CCW2	58	4	7	57.1428571428571	1
WT	CCW2	59	3	7	42.8571428571429	1
WT	CCW2	60	2	7	28.5714285714286	1
WT	CCW2	61	1	7	14.2857142857143	1
WT	CCW2	62	5	7	71.4285714285714	1
WT	CCW2	63	2	7	28.5714285714286	1
WT	CCW2	64	2	7	28.5714285714286	1
WT	CCW2	65	5	7	71.4285714285714	1
WT	CCW2	66	2	7	28.5714285714286	1
WT	CCW2	67	2	7	28.5714285714286	1
WT	CCW2	68	2	7	28.5714285714286	1
WT	CCW2	69	3	7	42.8571428571429	1
WT	CCW2	70	1	7	14.2857142857143	1
WT	CCW2	71	2	7	28.5714285714286	1
WT	CCW2	72	3	7	42.8571428571429	1
WT	CCW2	73	2	7	28.5714285714286	1
WT	CCW2	74	5	7	71.4285714285714	1
WT	CCW2	75	4	7	57.1428571428571	1
WT	CCW2	76	2	7	28.5714285714286	1
WT	CCW2	77	3	7	42.8571428571429	1
WT	CCW2	78	2	7	28.5714285714286	1
WT	CCW2	79	1	7	14.2857142857143	1
WT	CCW2	80	2	7	28.5714285714286	1
WT	CCW2	81	4	7	57.1428571428571	1
WT	CCW2	82	3	7	42.8571428571429	1
WT	CCW2	83	0	7	0	1
WT	CCW2	84	3	7	42.8571428571429	1
WT	CCW2	85	2	7	28.5714285714286	1
WT	CCW2	86	4	7	57.1428571428571	1
WT	CCW2	87	5	7	71.4285714285714	1
WT	CCW2	88	5	7	71.4285714285714	1
WT	CCW2	89	2	7	28.5714285714286	1
WT	CCW2	90	4	7	57.1428571428571	1
WT	CCW2	91	2	7	28.5714285714286	1
WT	CCW2	92	3	7	42.8571428571429	1
WT	CCW2	93	1	7	14.2857142857143	1
WT	CCW2	94	0	7	0	1
WT	CCW2	95	6	7	85.7142857142857	1
WT	CCW2	96	2	7	28.5714285714286	1
WT	CCW2	97	3	7	42.8571428571429	1
WT	CCW2	98	0	7	0	1
WT	CCW2	99	2	7	28.5714285714286	1
WT	CCW2	100	4	6	66.6666666666667	0.857142857142857
WT	CCW2	101	2	6	33.3333333333333	0.857142857142857
WT	CCW2	102	1	6	16.6666666666667	0.857142857142857
WT	CCW2	103	1	6	16.6666666666667	0.857142857142857
WT	CCW2	104	2	6	33.3333333333333	0.857142857142857
WT	CCW2	105	3	6	50	0.857142857142857
WT	CCW2	106	2	6	33.3333333333333	0.857142857142857
WT	CCW2	107	0	6	0	0.857142857142857
WT	CCW2	108	4	6	66.6666666666667	0.857142857142857
WT	CCW2	109	1	6	16.6666666666667	0.857142857142857
WT	CCW2	110	3	6	50	0.857142857142857
WT	CCW2	111	2	6	33.3333333333333	0.857142857142857
WT	CCW2	112	3	6	50	0.857142857142857
WT	CCW2	113	3	6	50	0.857142857142857
WT	CCW2	114	2	6	33.3333333333333	0.857142857142857
WT	CCW2	115	3	6	50	0.857142857142857
WT	CCW2	116	4	6	66.6666666666667	0.857142857142857
WT	CCW2	117	0	6	0	0.857142857142857
WT	CCW2	118	2	6	33.3333333333333	0.857142857142857
WT	CCW2	119	1	6	16.6666666666667	0.857142857142857
WT	CCW2	120	1	6	16.6666666666667	0.857142857142857
WT	CCW2	121	3	6	50	0.857142857142857
WT	CCW2	122	4	6	66.6666666666667	0.857142857142857
WT	CCW2	123	2	6	33.3333333333333	0.857142857142857
WT	CCW2	124	1	6	16.6666666666667	0.857142857142857
WT	CCW2	125	2	6	33.3333333333333	0.857142857142857
WT	CCW2	126	1	6	16.6666666666667	0.857142857142857
WT	CCW2	127	3	6	50	0.857142857142857
WT	CCW2	128	1	5	20	0.714285714285714
WT	CCW2	129	2	5	40	0.714285714285714
WT	CCW2	130	1	5	20	0.714285714285714
WT	CCW2	131	2	5	40	0.714285714285714
WT	CCW2	132	1	5	20	0.714285714285714
WT	CCW2	133	3	5	60	0.714285714285714
WT	CCW2	134	4	5	80	0.714285714285714
WT	CCW2	135	1	5	20	0.714285714285714
WT	CCW2	136	2	5	40	0.714285714285714
WT	CCW2	137	1	5	20	0.714285714285714
WT	CCW2	138	2	5	40	0.714285714285714
WT	CCW2	139	0	5	0	0.714285714285714
WT	CCW2	140	1	5	20	0.714285714285714
WT	CCW2	141	2	5	40	0.714285714285714
WT	CCW2	142	3	5	60	0.714285714285714
WT	CCW2	143	0	5	0	0.714285714285714
WT	CCW2	144	1	5	20	0.714285714285714
WT	CCW2	145	3	5	60	0.714285714285714
WT	CCW2	146	0	5	0	0.714285714285714
WT	CCW2	147	2	4	50	0.571428571428571
WT	CCW2	148	2	4	50	0.571428571428571
WT	CCW2	149	1	4	25	0.571428571428571
WT	CCW2	150	2	4	50	0.571428571428571
WT	CCW2	151	1	4	25	0.571428571428571
WT	CCW2	152	1	3	33.3333333333333	0.428571428571429
WT	CCW2	153	2	3	66.6666666666667	0.428571428571429
WT	CCW2	154	1	2	50	0.285714285714286
WT	CCW2	155	0	2	0	0.285714285714286
WT	CCW2	156	1	2	50	0.285714285714286
WT	CCW2	157	0	2	0	0.285714285714286
WT	CCW2	158	0	2	0	0.285714285714286
WT	CCW2	159	1	2	50	0.285714285714286
WT	CCW2	160	1	2	50	0.285714285714286
WT	CCW2	161	1	2	50	0.285714285714286
WT	CCW2	162	0	2	0	0.285714285714286
WT	CCW2	163	1	2	50	0.285714285714286
WT	CCW2	164	0	2	0	0.285714285714286
WT	CCW2	165	2	2	100	0.285714285714286
WT	CCW2	166	0	2	0	0.285714285714286
WT	CCW2	167	0	2	0	0.285714285714286
WT	CCW2	168	1	2	50	0.285714285714286
WT	CCW2	169	1	1	100	0.142857142857143
WT	CCW2	170	0	1	0	0.142857142857143
WT	CCW2	171	0	1	0	0.142857142857143
WT	CCW2	172	0	1	0	0.142857142857143
WT	CW1	0	0	1	0	0.142857142857143
WT	CW1	1	0	7	0	1
WT	CW1	2	1	7	14.2857142857143	1
WT	CW1	3	2	7	28.5714285714286	1
WT	CW1	4	2	7	28.5714285714286	1
WT	CW1	5	1	7	14.2857142857143	1
WT	CW1	6	1	7	14.2857142857143	1
WT	CW1	7	1	7	14.2857142857143	1
WT	CW1	8	3	7	42.8571428571429	1
WT	CW1	9	4	7	57.1428571428571	1
WT	CW1	10	1	7	14.2857142857143	1
WT	CW1	11	1	7	14.2857142857143	1
WT	CW1	12	1	7	14.2857142857143	1
WT	CW1	13	1	7	14.2857142857143	1
WT	CW1	14	2	7	28.5714285714286	1
WT	CW1	15	2	7	28.5714285714286	1
WT	CW1	16	2	7	28.5714285714286	1
WT	CW1	17	4	7	57.1428571428571	1
WT	CW1	18	1	7	14.2857142857143	1
WT	CW1	19	0	7	0	1
WT	CW1	20	4	7	57.1428571428571	1
WT	CW1	21	0	7	0	1
WT	CW1	22	1	7	14.2857142857143	1
WT	CW1	23	3	7	42.8571428571429	1
WT	CW1	24	0	7	0	1
WT	CW1	25	1	7	14.2857142857143	1
WT	CW1	26	3	7	42.8571428571429	1
WT	CW1	27	3	7	42.8571428571429	1
WT	CW1	28	2	7	28.5714285714286	1
WT	CW1	29	3	7	42.8571428571429	1
WT	CW1	30	4	7	57.1428571428571	1
WT	CW1	31	4	7	57.1428571428571	1
WT	CW1	32	4	7	57.1428571428571	1
WT	CW1	33	3	7	42.8571428571429	1
WT	CW1	34	1	7	14.2857142857143	1
WT	CW1	35	4	7	57.1428571428571	1
WT	CW1	36	2	7	28.5714285714286	1
WT	CW1	37	3	7	42.8571428571429	1
WT	CW1	38	2	7	28.5714285714286	1
WT	CW1	39	2	7	28.5714285714286	1
WT	CW1	40	1	7	14.2857142857143	1
WT	CW1	41	5	7	71.4285714285714	1
WT	CW1	42	1	7	14.2857142857143	1
WT	CW1	43	1	7	14.2857142857143	1
WT	CW1	44	1	7	14.2857142857143	1
WT	CW1	45	1	7	14.2857142857143	1
WT	CW1	46	2	7	28.5714285714286	1
WT	CW1	47	1	7	14.2857142857143	1
WT	CW1	48	2	7	28.5714285714286	1
WT	CW1	49	2	7	28.5714285714286	1
WT	CW1	50	3	7	42.8571428571429	1
WT	CW1	51	2	7	28.5714285714286	1
WT	CW1	52	5	7	71.4285714285714	1
WT	CW1	53	2	7	28.5714285714286	1
WT	CW1	54	6	7	85.7142857142857	1
WT	CW1	55	2	7	28.5714285714286	1
WT	CW1	56	4	7	57.1428571428571	1
WT	CW1	57	3	7	42.8571428571429	1
WT	CW1	58	3	7	42.8571428571429	1
WT	CW1	59	4	7	57.1428571428571	1
WT	CW1	60	3	7	42.8571428571429	1
WT	CW1	61	4	7	57.1428571428571	1
WT	CW1	62	2	7	28.5714285714286	1
WT	CW1	63	4	7	57.1428571428571	1
WT	CW1	64	0	7	0	1
WT	CW1	65	3	7	42.8571428571429	1
WT	CW1	66	3	7	42.8571428571429	1
WT	CW1	67	0	7	0	1
WT	CW1	68	2	7	28.5714285714286	1
WT	CW1	69	4	7	57.1428571428571	1
WT	CW1	70	2	7	28.5714285714286	1
WT	CW1	71	1	7	14.2857142857143	1
WT	CW1	72	4	7	57.1428571428571	1
WT	CW1	73	5	7	71.4285714285714	1
WT	CW1	74	3	7	42.8571428571429	1
WT	CW1	75	1	7	14.2857142857143	1
WT	CW1	76	2	7	28.5714285714286	1
WT	CW1	77	2	7	28.5714285714286	1
WT	CW1	78	1	7	14.2857142857143	1
WT	CW1	79	3	7	42.8571428571429	1
WT	CW1	80	3	7	42.8571428571429	1
WT	CW1	81	1	7	14.2857142857143	1
WT	CW1	82	1	7	14.2857142857143	1
WT	CW1	83	3	7	42.8571428571429	1
WT	CW1	84	3	7	42.8571428571429	1
WT	CW1	85	2	7	28.5714285714286	1
WT	CW1	86	3	7	42.8571428571429	1
WT	CW1	87	2	7	28.5714285714286	1
WT	CW1	88	2	7	28.5714285714286	1
WT	CW1	89	2	7	28.5714285714286	1
WT	CW1	90	5	7	71.4285714285714	1
WT	CW1	91	3	7	42.8571428571429	1
WT	CW1	92	2	7	28.5714285714286	1
WT	CW1	93	1	7	14.2857142857143	1
WT	CW1	94	5	7	71.4285714285714	1
WT	CW1	95	0	7	0	1
WT	CW1	96	3	7	42.8571428571429	1
WT	CW1	97	4	7	57.1428571428571	1
WT	CW1	98	2	7	28.5714285714286	1
WT	CW1	99	2	7	28.5714285714286	1
WT	CW1	100	1	7	14.2857142857143	1
WT	CW1	101	4	7	57.1428571428571	1
WT	CW1	102	2	7	28.5714285714286	1
WT	CW1	103	3	7	42.8571428571429	1
WT	CW1	104	5	7	71.4285714285714	1
WT	CW1	105	1	7	14.2857142857143	1
WT	CW1	106	1	7	14.2857142857143	1
WT	CW1	107	2	7	28.5714285714286	1
WT	CW1	108	4	7	57.1428571428571	1
WT	CW1	109	3	7	42.8571428571429	1
WT	CW1	110	4	7	57.1428571428571	1
WT	CW1	111	1	7	14.2857142857143	1
WT	CW1	112	2	7	28.5714285714286	1
WT	CW1	113	5	7	71.4285714285714	1
WT	CW1	114	2	7	28.5714285714286	1
WT	CW1	115	2	7	28.5714285714286	1
WT	CW1	116	5	7	71.4285714285714	1
WT	CW1	117	4	7	57.1428571428571	1
WT	CW1	118	1	7	14.2857142857143	1
WT	CW1	119	1	7	14.2857142857143	1
WT	CW1	120	4	7	57.1428571428571	1
WT	CW1	121	2	7	28.5714285714286	1
WT	CW1	122	4	7	57.1428571428571	1
WT	CW1	123	1	7	14.2857142857143	1
WT	CW1	124	5	7	71.4285714285714	1
WT	CW1	125	2	7	28.5714285714286	1
WT	CW1	126	2	7	28.5714285714286	1
WT	CW1	127	2	7	28.5714285714286	1
WT	CW1	128	2	7	28.5714285714286	1
WT	CW1	129	1	7	14.2857142857143	1
WT	CW1	130	6	7	85.7142857142857	1
WT	CW1	131	4	7	57.1428571428571	1
WT	CW1	132	4	7	57.1428571428571	1
WT	CW1	133	5	7	71.4285714285714	1
WT	CW1	134	3	7	42.8571428571429	1
WT	CW1	135	2	7	28.5714285714286	1
WT	CW1	136	2	7	28.5714285714286	1
WT	CW1	137	2	7	28.5714285714286	1
WT	CW1	138	4	7	57.1428571428571	1
WT	CW1	139	2	7	28.5714285714286	1
WT	CW1	140	1	7	14.2857142857143	1
WT	CW1	141	2	7	28.5714285714286	1
WT	CW1	142	4	7	57.1428571428571	1
WT	CW1	143	3	7	42.8571428571429	1
WT	CW1	144	4	7	57.1428571428571	1
WT	CW1	145	2	7	28.5714285714286	1
WT	CW1	146	2	7	28.5714285714286	1
WT	CW1	147	4	7	57.1428571428571	1
WT	CW1	148	5	7	71.4285714285714	1
WT	CW1	149	4	7	57.1428571428571	1
WT	CW1	150	1	6	16.6666666666667	0.857142857142857
WT	CW1	151	1	6	16.6666666666667	0.857142857142857
WT	CW1	152	3	6	50	0.857142857142857
WT	CW1	153	3	6	50	0.857142857142857
WT	CW1	154	0	6	0	0.857142857142857
WT	CW1	155	3	6	50	0.857142857142857
WT	CW1	156	1	6	16.6666666666667	0.857142857142857
WT	CW1	157	2	6	33.3333333333333	0.857142857142857
WT	CW1	158	2	6	33.3333333333333	0.857142857142857
WT	CW1	159	4	6	66.6666666666667	0.857142857142857
WT	CW1	160	2	6	33.3333333333333	0.857142857142857
WT	CW1	161	2	5	40	0.714285714285714
WT	CW1	162	2	5	40	0.714285714285714
WT	CW1	163	3	5	60	0.714285714285714
WT	CW1	164	1	5	20	0.714285714285714
WT	CW1	165	4	5	80	0.714285714285714
WT	CW1	166	0	5	0	0.714285714285714
WT	CW1	167	1	5	20	0.714285714285714
WT	CW1	168	2	5	40	0.714285714285714
WT	CW1	169	0	5	0	0.714285714285714
WT	CW1	170	1	5	20	0.714285714285714
WT	CW1	171	3	5	60	0.714285714285714
WT	CW1	172	1	4	25	0.571428571428571
WT	CW1	173	2	4	50	0.571428571428571
WT	CW1	174	1	4	25	0.571428571428571
WT	CW1	175	1	4	25	0.571428571428571
WT	CW1	176	1	4	25	0.571428571428571
WT	CW1	177	2	4	50	0.571428571428571
WT	CW1	178	1	4	25	0.571428571428571
WT	CW1	179	3	4	75	0.571428571428571
WT	CW1	180	0	4	0	0.571428571428571
WT	CW1	181	1	4	25	0.571428571428571
WT	CW1	182	2	4	50	0.571428571428571
WT	CW1	183	1	4	25	0.571428571428571
WT	CW1	184	0	4	0	0.571428571428571
WT	CW1	185	3	4	75	0.571428571428571
WT	CW1	186	0	4	0	0.571428571428571
WT	CW1	187	1	4	25	0.571428571428571
WT	CW1	188	3	4	75	0.571428571428571
WT	CW1	189	0	3	0	0.428571428571429
WT	CW1	190	2	3	66.6666666666667	0.428571428571429
WT	CW1	191	2	3	66.6666666666667	0.428571428571429
WT	CW1	192	0	3	0	0.428571428571429
WT	CW1	193	2	3	66.6666666666667	0.428571428571429
WT	CW1	194	1	3	33.3333333333333	0.428571428571429
WT	CW1	195	0	3	0	0.428571428571429
WT	CW1	196	1	3	33.3333333333333	0.428571428571429
WT	CW1	197	1	3	33.3333333333333	0.428571428571429
WT	CW1	198	1	3	33.3333333333333	0.428571428571429
WT	CW1	199	1	3	33.3333333333333	0.428571428571429
WT	CW1	200	1	3	33.3333333333333	0.428571428571429
WT	CW1	201	0	3	0	0.428571428571429
WT	CW1	202	0	3	0	0.428571428571429
WT	CW1	203	1	3	33.3333333333333	0.428571428571429
WT	CW1	204	0	3	0	0.428571428571429
WT	CW1	205	2	3	66.6666666666667	0.428571428571429
WT	CW1	206	0	3	0	0.428571428571429
WT	CW1	207	1	3	33.3333333333333	0.428571428571429
WT	CW1	208	1	3	33.3333333333333	0.428571428571429
WT	CW1	209	1	3	33.3333333333333	0.428571428571429
WT	CW1	210	3	3	100	0.428571428571429
WT	CW1	211	1	3	33.3333333333333	0.428571428571429
WT	CW1	212	1	3	33.3333333333333	0.428571428571429
WT	CW1	213	1	3	33.3333333333333	0.428571428571429
WT	CW1	214	1	3	33.3333333333333	0.428571428571429
WT	CW1	215	0	3	0	0.428571428571429
WT	CW1	216	1	3	33.3333333333333	0.428571428571429
WT	CW1	217	2	3	66.6666666666667	0.428571428571429
WT	CW1	218	2	3	66.6666666666667	0.428571428571429
WT	CW1	219	0	3	0	0.428571428571429
WT	CW1	220	2	3	66.6666666666667	0.428571428571429
WT	CW1	221	1	3	33.3333333333333	0.428571428571429
WT	CW1	222	0	2	0	0.285714285714286
WT	CW1	223	0	2	0	0.285714285714286
WT	CW1	224	0	2	0	0.285714285714286
WT	CW1	225	1	2	50	0.285714285714286
WT	CW1	226	1	2	50	0.285714285714286
WT	CW1	227	1	1	100	0.142857142857143
WT	CW1	228	0	1	0	0.142857142857143
WT	CW1	229	0	1	0	0.142857142857143
WT	CW1	230	0	1	0	0.142857142857143
WT	CW1	231	0	1	0	0.142857142857143
WT	CW1	232	0	1	0	0.142857142857143
WT	CW1	233	1	1	100	0.142857142857143
WT	CW2	0	0	1	0	0.142857142857143
WT	CW2	1	3	7	42.8571428571429	1
WT	CW2	2	3	7	42.8571428571429	1
WT	CW2	3	4	7	57.1428571428571	1
WT	CW2	4	3	7	42.8571428571429	1
WT	CW2	5	2	7	28.5714285714286	1
WT	CW2	6	3	7	42.8571428571429	1
WT	CW2	7	2	7	28.5714285714286	1
WT	CW2	8	2	7	28.5714285714286	1
WT	CW2	9	2	7	28.5714285714286	1
WT	CW2	10	3	7	42.8571428571429	1
WT	CW2	11	3	7	42.8571428571429	1
WT	CW2	12	0	7	0	1
WT	CW2	13	1	7	14.2857142857143	1
WT	CW2	14	4	7	57.1428571428571	1
WT	CW2	15	3	7	42.8571428571429	1
WT	CW2	16	2	7	28.5714285714286	1
WT	CW2	17	4	7	57.1428571428571	1
WT	CW2	18	2	7	28.5714285714286	1
WT	CW2	19	2	7	28.5714285714286	1
WT	CW2	20	3	7	42.8571428571429	1
WT	CW2	21	2	7	28.5714285714286	1
WT	CW2	22	4	7	57.1428571428571	1
WT	CW2	23	3	7	42.8571428571429	1
WT	CW2	24	4	7	57.1428571428571	1
WT	CW2	25	4	7	57.1428571428571	1
WT	CW2	26	3	7	42.8571428571429	1
WT	CW2	27	2	7	28.5714285714286	1
WT	CW2	28	2	7	28.5714285714286	1
WT	CW2	29	1	7	14.2857142857143	1
WT	CW2	30	1	7	14.2857142857143	1
WT	CW2	31	3	7	42.8571428571429	1
WT	CW2	32	2	7	28.5714285714286	1
WT	CW2	33	5	7	71.4285714285714	1
WT	CW2	34	2	7	28.5714285714286	1
WT	CW2	35	3	7	42.8571428571429	1
WT	CW2	36	4	7	57.1428571428571	1
WT	CW2	37	4	7	57.1428571428571	1
WT	CW2	38	1	7	14.2857142857143	1
WT	CW2	39	2	7	28.5714285714286	1
WT	CW2	40	2	7	28.5714285714286	1
WT	CW2	41	2	7	28.5714285714286	1
WT	CW2	42	4	7	57.1428571428571	1
WT	CW2	43	3	7	42.8571428571429	1
WT	CW2	44	3	7	42.8571428571429	1
WT	CW2	45	4	7	57.1428571428571	1
WT	CW2	46	2	7	28.5714285714286	1
WT	CW2	47	1	7	14.2857142857143	1
WT	CW2	48	1	7	14.2857142857143	1
WT	CW2	49	3	7	42.8571428571429	1
WT	CW2	50	3	7	42.8571428571429	1
WT	CW2	51	3	7	42.8571428571429	1
WT	CW2	52	4	7	57.1428571428571	1
WT	CW2	53	3	7	42.8571428571429	1
WT	CW2	54	2	7	28.5714285714286	1
WT	CW2	55	3	7	42.8571428571429	1
WT	CW2	56	2	7	28.5714285714286	1
WT	CW2	57	1	7	14.2857142857143	1
WT	CW2	58	2	7	28.5714285714286	1
WT	CW2	59	3	7	42.8571428571429	1
WT	CW2	60	4	7	57.1428571428571	1
WT	CW2	61	2	7	28.5714285714286	1
WT	CW2	62	1	7	14.2857142857143	1
WT	CW2	63	0	7	0	1
WT	CW2	64	4	7	57.1428571428571	1
WT	CW2	65	3	7	42.8571428571429	1
WT	CW2	66	4	7	57.1428571428571	1
WT	CW2	67	2	7	28.5714285714286	1
WT	CW2	68	2	7	28.5714285714286	1
WT	CW2	69	1	7	14.2857142857143	1
WT	CW2	70	3	7	42.8571428571429	1
WT	CW2	71	4	7	57.1428571428571	1
WT	CW2	72	4	7	57.1428571428571	1
WT	CW2	73	4	7	57.1428571428571	1
WT	CW2	74	3	7	42.8571428571429	1
WT	CW2	75	2	7	28.5714285714286	1
WT	CW2	76	1	7	14.2857142857143	1
WT	CW2	77	2	7	28.5714285714286	1
WT	CW2	78	2	7	28.5714285714286	1
WT	CW2	79	3	7	42.8571428571429	1
WT	CW2	80	3	7	42.8571428571429	1
WT	CW2	81	3	7	42.8571428571429	1
WT	CW2	82	4	7	57.1428571428571	1
WT	CW2	83	3	7	42.8571428571429	1
WT	CW2	84	4	7	57.1428571428571	1
WT	CW2	85	4	7	57.1428571428571	1
WT	CW2	86	2	7	28.5714285714286	1
WT	CW2	87	2	7	28.5714285714286	1
WT	CW2	88	4	7	57.1428571428571	1
WT	CW2	89	2	7	28.5714285714286	1
WT	CW2	90	4	7	57.1428571428571	1
WT	CW2	91	3	7	42.8571428571429	1
WT	CW2	92	2	7	28.5714285714286	1
WT	CW2	93	3	7	42.8571428571429	1
WT	CW2	94	4	7	57.1428571428571	1
WT	CW2	95	2	7	28.5714285714286	1
WT	CW2	96	0	7	0	1
WT	CW2	97	3	7	42.8571428571429	1
WT	CW2	98	3	7	42.8571428571429	1
WT	CW2	99	2	7	28.5714285714286	1
WT	CW2	100	3	7	42.8571428571429	1
WT	CW2	101	1	7	14.2857142857143	1
WT	CW2	102	2	7	28.5714285714286	1
WT	CW2	103	2	7	28.5714285714286	1
WT	CW2	104	3	7	42.8571428571429	1
WT	CW2	105	2	7	28.5714285714286	1
WT	CW2	106	2	7	28.5714285714286	1
WT	CW2	107	1	7	14.2857142857143	1
WT	CW2	108	5	7	71.4285714285714	1
WT	CW2	109	3	7	42.8571428571429	1
WT	CW2	110	4	7	57.1428571428571	1
WT	CW2	111	1	7	14.2857142857143	1
WT	CW2	112	2	7	28.5714285714286	1
WT	CW2	113	3	7	42.8571428571429	1
WT	CW2	114	4	7	57.1428571428571	1
WT	CW2	115	5	7	71.4285714285714	1
WT	CW2	116	5	7	71.4285714285714	1
WT	CW2	117	1	7	14.2857142857143	1
WT	CW2	118	2	7	28.5714285714286	1
WT	CW2	119	2	7	28.5714285714286	1
WT	CW2	120	2	7	28.5714285714286	1
WT	CW2	121	2	7	28.5714285714286	1
WT	CW2	122	3	7	42.8571428571429	1
WT	CW2	123	3	7	42.8571428571429	1
WT	CW2	124	3	7	42.8571428571429	1
WT	CW2	125	2	7	28.5714285714286	1
WT	CW2	126	3	7	42.8571428571429	1
WT	CW2	127	2	6	33.3333333333333	0.857142857142857
WT	CW2	128	1	6	16.6666666666667	0.857142857142857
WT	CW2	129	2	6	33.3333333333333	0.857142857142857
WT	CW2	130	1	6	16.6666666666667	0.857142857142857
WT	CW2	131	2	6	33.3333333333333	0.857142857142857
WT	CW2	132	1	6	16.6666666666667	0.857142857142857
WT	CW2	133	3	6	50	0.857142857142857
WT	CW2	134	1	6	16.6666666666667	0.857142857142857
WT	CW2	135	2	6	33.3333333333333	0.857142857142857
WT	CW2	136	1	6	16.6666666666667	0.857142857142857
WT	CW2	137	2	6	33.3333333333333	0.857142857142857
WT	CW2	138	1	6	16.6666666666667	0.857142857142857
WT	CW2	139	0	6	0	0.857142857142857
WT	CW2	140	4	6	66.6666666666667	0.857142857142857
WT	CW2	141	3	6	50	0.857142857142857
WT	CW2	142	3	6	50	0.857142857142857
WT	CW2	143	3	6	50	0.857142857142857
WT	CW2	144	2	6	33.3333333333333	0.857142857142857
WT	CW2	145	2	6	33.3333333333333	0.857142857142857
WT	CW2	146	2	6	33.3333333333333	0.857142857142857
WT	CW2	147	1	6	16.6666666666667	0.857142857142857
WT	CW2	148	2	5	40	0.714285714285714
WT	CW2	149	1	3	33.3333333333333	0.428571428571429
WT	CW2	150	1	3	33.3333333333333	0.428571428571429
WT	CW2	151	0	3	0	0.428571428571429
WT	CW2	152	2	3	66.6666666666667	0.428571428571429
WT	CW2	153	1	3	33.3333333333333	0.428571428571429
WT	CW2	154	0	3	0	0.428571428571429
WT	CW2	155	0	2	0	0.285714285714286
WT	CW2	156	0	2	0	0.285714285714286
WT	CW2	157	0	2	0	0.285714285714286
WT	CW2	158	1	2	50	0.285714285714286
WT	CW2	159	0	2	0	0.285714285714286
WT	CW2	160	1	2	50	0.285714285714286
WT	CW2	161	0	2	0	0.285714285714286
WT	CW2	162	1	2	50	0.285714285714286
WT	CW2	163	0	2	0	0.285714285714286
WT	CW2	164	0	2	0	0.285714285714286
WT	CW2	165	1	2	50	0.285714285714286
WT	CW2	166	0	2	0	0.285714285714286
WT	CW2	167	2	2	100	0.285714285714286
WT	CW2	168	1	2	50	0.285714285714286
WT	CW2	169	1	2	50	0.285714285714286
WT	CW2	170	2	2	100	0.285714285714286
WT	CW2	171	0	2	0	0.285714285714286
WT	CW2	172	0	2	0	0.285714285714286
WT	CW2	173	2	2	100	0.285714285714286
WT	CW2	174	0	2	0	0.285714285714286
WT	CW2	175	0	2	0	0.285714285714286
WT	CW2	176	1	2	50	0.285714285714286
WT	CW2	177	1	2	50	0.285714285714286
WT	CW2	178	0	2	0	0.285714285714286
WT	CW2	179	2	2	100	0.285714285714286
WT	CW2	180	0	2	0	0.285714285714286
WT	CW2	181	0	2	0	0.285714285714286
WT	CW2	182	1	2	50	0.285714285714286
WT	CW2	183	1	2	50	0.285714285714286
WT	CW2	184	1	2	50	0.285714285714286
WT	CW2	185	0	2	0	0.285714285714286
WT	CW2	186	1	2	50	0.285714285714286
WT	CW2	187	2	2	100	0.285714285714286
WT	CW2	188	0	2	0	0.285714285714286
WT	CW2	189	0	2	0	0.285714285714286
WT	CW2	190	1	2	50	0.285714285714286
WT	CW2	191	0	2	0	0.285714285714286
WT	CW2	192	0	2	0	0.285714285714286
WT	CW2	193	1	2	50	0.285714285714286
WT	CW2	194	2	2	100	0.285714285714286
WT	CW2	195	1	2	50	0.285714285714286
WT	CW2	196	1	2	50	0.285714285714286
WT	CW2	197	1	2	50	0.285714285714286
WT	CW2	198	1	2	50	0.285714285714286
WT	CW2	199	0	1	0	0.142857142857143
WT	CW2	200	0	1	0	0.142857142857143
WT	ELM1A	1	4	8	50	1
WT	ELM1A	2	2	8	25	1
WT	ELM1A	3	1	8	12.5	1
WT	ELM1A	4	1	8	12.5	1
WT	ELM1A	5	3	8	37.5	1
WT	ELM1A	6	4	8	50	1
WT	ELM1A	7	2	8	25	1
WT	ELM1A	8	3	8	37.5	1
WT	ELM1A	9	3	8	37.5	1
WT	ELM1A	10	2	8	25	1
WT	ELM1A	11	2	8	25	1
WT	ELM1A	12	2	8	25	1
WT	ELM1A	13	5	8	62.5	1
WT	ELM1A	14	1	8	12.5	1
WT	ELM1A	15	4	8	50	1
WT	ELM1A	16	0	8	0	1
WT	ELM1A	17	3	8	37.5	1
WT	ELM1A	18	4	8	50	1
WT	ELM1A	19	0	8	0	1
WT	ELM1A	20	1	8	12.5	1
WT	ELM1A	21	3	8	37.5	1
WT	ELM1A	22	4	8	50	1
WT	ELM1A	23	2	8	25	1
WT	ELM1A	24	3	8	37.5	1
WT	ELM1A	25	2	8	25	1
WT	ELM1A	26	3	8	37.5	1
WT	ELM1A	27	4	8	50	1
WT	ELM1A	28	4	8	50	1
WT	ELM1A	29	1	8	12.5	1
WT	ELM1A	30	1	8	12.5	1
WT	ELM1A	31	3	8	37.5	1
WT	ELM1A	32	3	8	37.5	1
WT	ELM1A	33	2	8	25	1
WT	ELM1A	34	3	8	37.5	1
WT	ELM1A	35	2	8	25	1
WT	ELM1A	36	2	8	25	1
WT	ELM1A	37	2	8	25	1
WT	ELM1A	38	2	8	25	1
WT	ELM1A	39	2	8	25	1
WT	ELM1A	40	1	8	12.5	1
WT	ELM1A	41	2	8	25	1
WT	ELM1A	42	2	8	25	1
WT	ELM1A	43	4	8	50	1
WT	ELM1A	44	2	8	25	1
WT	ELM1A	45	2	8	25	1
WT	ELM1A	46	4	8	50	1
WT	ELM1A	47	2	8	25	1
WT	ELM1A	48	5	8	62.5	1
WT	ELM1A	49	1	8	12.5	1
WT	ELM1A	50	4	8	50	1
WT	ELM1A	51	4	8	50	1
WT	ELM1A	52	4	8	50	1
WT	ELM1A	53	2	8	25	1
WT	ELM1A	54	3	8	37.5	1
WT	ELM1A	55	6	8	75	1
WT	ELM1A	56	1	8	12.5	1
WT	ELM1A	57	3	8	37.5	1
WT	ELM1A	58	2	8	25	1
WT	ELM1A	59	3	8	37.5	1
WT	ELM1A	60	4	8	50	1
WT	ELM1A	61	3	8	37.5	1
WT	ELM1A	62	2	8	25	1
WT	ELM1A	63	3	8	37.5	1
WT	ELM1A	64	4	8	50	1
WT	ELM1A	65	3	8	37.5	1
WT	ELM1A	66	4	8	50	1
WT	ELM1A	67	1	8	12.5	1
WT	ELM1A	68	2	8	25	1
WT	ELM1A	69	7	8	87.5	1
WT	ELM1A	70	6	8	75	1
WT	ELM1A	71	4	8	50	1
WT	ELM1A	72	6	8	75	1
WT	ELM1A	73	5	8	62.5	1
WT	ELM1A	74	3	8	37.5	1
WT	ELM1A	75	2	8	25	1
WT	ELM1A	76	3	8	37.5	1
WT	ELM1A	77	5	8	62.5	1
WT	ELM1A	78	8	8	100	1
WT	ELM1A	79	2	8	25	1
WT	ELM1A	80	3	8	37.5	1
WT	ELM1A	81	4	8	50	1
WT	ELM1A	82	4	8	50	1
WT	ELM1A	83	3	8	37.5	1
WT	ELM1A	84	6	8	75	1
WT	ELM1A	85	4	8	50	1
WT	ELM1A	86	7	8	87.5	1
WT	ELM1A	87	4	8	50	1
WT	ELM1A	88	4	8	50	1
WT	ELM1A	89	6	8	75	1
WT	ELM1A	90	5	8	62.5	1
WT	ELM1A	91	7	8	87.5	1
WT	ELM1A	92	5	8	62.5	1
WT	ELM1A	93	6	8	75	1
WT	ELM1A	94	4	8	50	1
WT	ELM1A	95	7	8	87.5	1
WT	ELM1A	96	5	8	62.5	1
WT	ELM1A	97	4	8	50	1
WT	ELM1A	98	3	8	37.5	1
WT	ELM1A	99	4	8	50	1
WT	ELM1A	100	4	8	50	1
WT	ELM1A	101	5	8	62.5	1
WT	ELM1A	102	7	8	87.5	1
WT	ELM1A	103	5	8	62.5	1
WT	ELM1A	104	3	8	37.5	1
WT	ELM1A	105	4	8	50	1
WT	ELM1A	106	5	8	62.5	1
WT	ELM1A	107	6	8	75	1
WT	ELM1A	108	3	8	37.5	1
WT	ELM1A	109	3	8	37.5	1
WT	ELM1A	110	5	8	62.5	1
WT	ELM1A	111	5	8	62.5	1
WT	ELM1A	112	4	8	50	1
WT	ELM1A	113	3	8	37.5	1
WT	ELM1A	114	8	8	100	1
WT	ELM1A	115	2	8	25	1
WT	ELM1A	116	6	8	75	1
WT	ELM1A	117	5	8	62.5	1
WT	ELM1A	118	6	8	75	1
WT	ELM1A	119	4	8	50	1
WT	ELM1A	120	4	8	50	1
WT	ELM1A	121	6	8	75	1
WT	ELM1A	122	3	8	37.5	1
WT	ELM1A	123	5	8	62.5	1
WT	ELM1A	124	4	8	50	1
WT	ELM1A	125	5	8	62.5	1
WT	ELM1A	126	7	8	87.5	1
WT	ELM1A	127	2	8	25	1
WT	ELM1A	128	4	8	50	1
WT	ELM1A	129	4	8	50	1
WT	ELM1A	130	6	8	75	1
WT	ELM1A	131	8	8	100	1
WT	ELM1A	132	3	8	37.5	1
WT	ELM1A	133	4	8	50	1
WT	ELM1A	134	5	8	62.5	1
WT	ELM1A	135	3	8	37.5	1
WT	ELM1A	136	3	8	37.5	1
WT	ELM1A	137	6	8	75	1
WT	ELM1A	138	4	8	50	1
WT	ELM1A	139	8	8	100	1
WT	ELM1A	140	5	8	62.5	1
WT	ELM1A	141	4	8	50	1
WT	ELM1A	142	5	8	62.5	1
WT	ELM1A	143	7	8	87.5	1
WT	ELM1A	144	3	8	37.5	1
WT	ELM1A	145	3	8	37.5	1
WT	ELM1A	146	3	8	37.5	1
WT	ELM1A	147	3	8	37.5	1
WT	ELM1A	148	3	8	37.5	1
WT	ELM1A	149	4	6	66.6666666666667	0.75
WT	ELM1A	150	2	6	33.3333333333333	0.75
WT	ELM1A	151	2	6	33.3333333333333	0.75
WT	ELM1A	152	4	6	66.6666666666667	0.75
WT	ELM1A	153	2	6	33.3333333333333	0.75
WT	ELM1A	154	2	6	33.3333333333333	0.75
WT	ELM1A	155	4	6	66.6666666666667	0.75
WT	ELM1A	156	5	6	83.3333333333333	0.75
WT	ELM1A	157	3	6	50	0.75
WT	ELM1A	158	3	5	60	0.625
WT	ELM1A	159	2	5	40	0.625
WT	ELM1A	160	3	5	60	0.625
WT	ELM1A	161	2	4	50	0.5
WT	ELM1A	162	2	4	50	0.5
WT	ELM1A	163	3	4	75	0.5
WT	ELM1A	164	3	4	75	0.5
WT	ELM1A	165	3	4	75	0.5
WT	ELM1A	166	4	4	100	0.5
WT	ELM1A	167	1	4	25	0.5
WT	ELM1A	168	2	4	50	0.5
WT	ELM1A	169	1	4	25	0.5
WT	ELM1A	170	3	4	75	0.5
WT	ELM1A	171	1	4	25	0.5
WT	ELM1A	172	3	4	75	0.5
WT	ELM1A	173	1	4	25	0.5
WT	ELM1A	174	3	4	75	0.5
WT	ELM1A	175	3	4	75	0.5
WT	ELM1A	176	1	4	25	0.5
WT	ELM1A	177	3	4	75	0.5
WT	ELM1A	178	2	4	50	0.5
WT	ELM1A	179	2	4	50	0.5
WT	ELM1A	180	1	4	25	0.5
WT	ELM1A	181	2	4	50	0.5
WT	ELM1A	182	3	4	75	0.5
WT	ELM1A	183	2	4	50	0.5
WT	ELM1A	184	2	4	50	0.5
WT	ELM1A	185	2	4	50	0.5
WT	ELM1A	186	1	4	25	0.5
WT	ELM1A	187	2	4	50	0.5
WT	ELM1A	188	3	4	75	0.5
WT	ELM1A	189	2	4	50	0.5
WT	ELM1A	190	1	4	25	0.5
WT	ELM1A	191	2	4	50	0.5
WT	ELM1A	192	2	4	50	0.5
WT	ELM1A	193	2	4	50	0.5
WT	ELM1A	194	2	4	50	0.5
WT	ELM1A	195	0	4	0	0.5
WT	ELM1A	196	2	4	50	0.5
WT	ELM1A	197	2	4	50	0.5
WT	ELM1A	198	2	4	50	0.5
WT	ELM1A	199	2	4	50	0.5
WT	ELM1A	200	4	4	100	0.5
WT	ELM1A	201	2	4	50	0.5
WT	ELM1A	202	3	4	75	0.5
WT	ELM1A	203	4	4	100	0.5
WT	ELM1A	204	1	2	50	0.25
WT	ELM1A	205	1	2	50	0.25
WT	ELM1A	206	0	2	0	0.25
WT	ELM1A	207	1	2	50	0.25
WT	ELM1A	208	0	2	0	0.25
WT	ELM1A	209	2	2	100	0.25
WT	ELM1A	210	0	2	0	0.25
WT	ELM1A	211	1	2	50	0.25
WT	ELM1A	212	1	2	50	0.25
WT	ELM1A	213	2	2	100	0.25
WT	ELM1A	214	2	2	100	0.25
WT	ELM1A	215	0	2	0	0.25
WT	ELM1A	216	1	2	50	0.25
WT	ELM1A	217	2	2	100	0.25
WT	ELM1A	218	1	2	50	0.25
WT	ELM1A	219	0	2	0	0.25
WT	ELM1A	220	1	2	50	0.25
WT	ELM1A	221	0	2	0	0.25
WT	ELM1A	222	2	2	100	0.25
WT	ELM1A	223	0	2	0	0.25
WT	ELM1A	224	0	2	0	0.25
WT	ELM1A	225	1	2	50	0.25
WT	ELM1A	226	1	2	50	0.25
WT	ELM1A	227	2	2	100	0.25
WT	ELM1A	228	2	2	100	0.25
WT	ELM1A	229	0	2	0	0.25
WT	ELM1A	230	2	2	100	0.25
WT	ELM1A	231	0	2	0	0.25
WT	ELM1A	232	1	2	50	0.25
WT	ELM1A	233	1	2	50	0.25
WT	ELM1A	234	2	2	100	0.25
WT	ELM1A	235	1	2	50	0.25
WT	ELM1A	236	1	2	50	0.25
WT	ELM1A	237	1	2	50	0.25
WT	ELM1A	238	0	2	0	0.25
WT	ELM1A	239	2	2	100	0.25
WT	ELM1A	240	1	2	50	0.25
WT	ELM1A	241	2	2	100	0.25
WT	ELM1A	242	1	2	50	0.25
WT	ELM1A	243	2	2	100	0.25
WT	ELM1A	244	1	2	50	0.25
WT	ELM1A	245	1	2	50	0.25
WT	ELM1A	246	0	2	0	0.25
WT	ELM1A	247	1	2	50	0.25
WT	ELM1A	248	0	2	0	0.25
WT	ELM1A	249	1	2	50	0.25
WT	ELM1A	250	0	1	0	0.125
WT	ELM1A	251	1	1	100	0.125
WT	ELM1A	252	0	1	0	0.125
WT	ELM1A	253	1	1	100	0.125
WT	ELM1A	254	1	1	100	0.125
WT	ELM1A	255	0	1	0	0.125
WT	ELM1A	256	1	1	100	0.125
WT	ELM1A	257	1	1	100	0.125
WT	ELM1A	258	0	1	0	0.125
WT	ELM1A	259	0	1	0	0.125
WT	ELM1A	260	1	1	100	0.125
WT	ELM1A	261	0	1	0	0.125
WT	ELM1A	262	0	1	0	0.125
WT	ELM1A	263	1	1	100	0.125
WT	ELM1A	264	1	1	100	0.125
WT	ELM1A	265	1	1	100	0.125
WT	ELM1A	266	0	1	0	0.125
WT	ELM1A	267	1	1	100	0.125
WT	ELM1A	268	0	1	0	0.125
WT	ELM1A	269	0	1	0	0.125
WT	ELM1A	270	1	1	100	0.125
WT	ELM1A	271	0	1	0	0.125
WT	ELM1A	272	1	1	100	0.125
WT	ELM1A	273	0	1	0	0.125
WT	ELM1A	274	1	1	100	0.125
WT	ELM1A	275	1	1	100	0.125
WT	ELM1A	276	0	1	0	0.125
WT	ELM1A	277	1	1	100	0.125
WT	ELM1R	1	2	8	25	1
WT	ELM1R	2	3	8	37.5	1
WT	ELM1R	3	3	8	37.5	1
WT	ELM1R	4	4	8	50	1
WT	ELM1R	5	1	8	12.5	1
WT	ELM1R	6	1	8	12.5	1
WT	ELM1R	7	2	8	25	1
WT	ELM1R	8	4	8	50	1
WT	ELM1R	9	6	8	75	1
WT	ELM1R	10	3	8	37.5	1
WT	ELM1R	11	4	8	50	1
WT	ELM1R	12	3	8	37.5	1
WT	ELM1R	13	5	8	62.5	1
WT	ELM1R	14	2	8	25	1
WT	ELM1R	15	2	8	25	1
WT	ELM1R	16	3	8	37.5	1
WT	ELM1R	17	1	8	12.5	1
WT	ELM1R	18	6	8	75	1
WT	ELM1R	19	2	8	25	1
WT	ELM1R	20	3	8	37.5	1
WT	ELM1R	21	3	8	37.5	1
WT	ELM1R	22	2	8	25	1
WT	ELM1R	23	5	8	62.5	1
WT	ELM1R	24	5	8	62.5	1
WT	ELM1R	25	3	8	37.5	1
WT	ELM1R	26	5	8	62.5	1
WT	ELM1R	27	4	8	50	1
WT	ELM1R	28	4	8	50	1
WT	ELM1R	29	4	8	50	1
WT	ELM1R	30	3	8	37.5	1
WT	ELM1R	31	5	8	62.5	1
WT	ELM1R	32	5	8	62.5	1
WT	ELM1R	33	5	8	62.5	1
WT	ELM1R	34	6	8	75	1
WT	ELM1R	35	6	8	75	1
WT	ELM1R	36	3	8	37.5	1
WT	ELM1R	37	3	8	37.5	1
WT	ELM1R	38	3	8	37.5	1
WT	ELM1R	39	5	8	62.5	1
WT	ELM1R	40	4	8	50	1
WT	ELM1R	41	7	8	87.5	1
WT	ELM1R	42	7	8	87.5	1
WT	ELM1R	43	5	8	62.5	1
WT	ELM1R	44	5	8	62.5	1
WT	ELM1R	45	4	8	50	1
WT	ELM1R	46	4	8	50	1
WT	ELM1R	47	6	8	75	1
WT	ELM1R	48	6	8	75	1
WT	ELM1R	49	8	8	100	1
WT	ELM1R	50	8	8	100	1
WT	ELM1R	51	7	8	87.5	1
WT	ELM1R	52	4	8	50	1
WT	ELM1R	53	4	8	50	1
WT	ELM1R	54	4	8	50	1
WT	ELM1R	55	4	8	50	1
WT	ELM1R	56	5	8	62.5	1
WT	ELM1R	57	4	8	50	1
WT	ELM1R	58	6	8	75	1
WT	ELM1R	59	6	8	75	1
WT	ELM1R	60	3	8	37.5	1
WT	ELM1R	61	5	8	62.5	1
WT	ELM1R	62	5	8	62.5	1
WT	ELM1R	63	5	8	62.5	1
WT	ELM1R	64	7	8	87.5	1
WT	ELM1R	65	7	8	87.5	1
WT	ELM1R	66	6	8	75	1
WT	ELM1R	67	5	8	62.5	1
WT	ELM1R	68	6	8	75	1
WT	ELM1R	69	8	8	100	1
WT	ELM1R	70	5	8	62.5	1
WT	ELM1R	71	6	8	75	1
WT	ELM1R	72	6	8	75	1
WT	ELM1R	73	6	8	75	1
WT	ELM1R	74	6	8	75	1
WT	ELM1R	75	4	8	50	1
WT	ELM1R	76	7	8	87.5	1
WT	ELM1R	77	3	8	37.5	1
WT	ELM1R	78	6	8	75	1
WT	ELM1R	79	8	8	100	1
WT	ELM1R	80	3	8	37.5	1
WT	ELM1R	81	5	8	62.5	1
WT	ELM1R	82	5	8	62.5	1
WT	ELM1R	83	6	8	75	1
WT	ELM1R	84	5	8	62.5	1
WT	ELM1R	85	4	8	50	1
WT	ELM1R	86	6	8	75	1
WT	ELM1R	87	6	8	75	1
WT	ELM1R	88	6	8	75	1
WT	ELM1R	89	6	8	75	1
WT	ELM1R	90	6	8	75	1
WT	ELM1R	91	5	8	62.5	1
WT	ELM1R	92	6	8	75	1
WT	ELM1R	93	6	8	75	1
WT	ELM1R	94	6	8	75	1
WT	ELM1R	95	5	8	62.5	1
WT	ELM1R	96	6	8	75	1
WT	ELM1R	97	8	8	100	1
WT	ELM1R	98	5	8	62.5	1
WT	ELM1R	99	6	8	75	1
WT	ELM1R	100	7	8	87.5	1
WT	ELM1R	101	5	8	62.5	1
WT	ELM1R	102	8	8	100	1
WT	ELM1R	103	5	8	62.5	1
WT	ELM1R	104	7	8	87.5	1
WT	ELM1R	105	8	8	100	1
WT	ELM1R	106	5	8	62.5	1
WT	ELM1R	107	5	8	62.5	1
WT	ELM1R	108	7	8	87.5	1
WT	ELM1R	109	7	8	87.5	1
WT	ELM1R	110	7	8	87.5	1
WT	ELM1R	111	6	8	75	1
WT	ELM1R	112	7	8	87.5	1
WT	ELM1R	113	6	8	75	1
WT	ELM1R	114	6	8	75	1
WT	ELM1R	115	5	8	62.5	1
WT	ELM1R	116	7	8	87.5	1
WT	ELM1R	117	6	8	75	1
WT	ELM1R	118	6	8	75	1
WT	ELM1R	119	6	8	75	1
WT	ELM1R	120	7	8	87.5	1
WT	ELM1R	121	4	7	57.1428571428571	0.875
WT	ELM1R	122	6	7	85.7142857142857	0.875
WT	ELM1R	123	5	7	71.4285714285714	0.875
WT	ELM1R	124	4	7	57.1428571428571	0.875
WT	ELM1R	125	5	7	71.4285714285714	0.875
WT	ELM1R	126	4	7	57.1428571428571	0.875
WT	ELM1R	127	3	7	42.8571428571429	0.875
WT	ELM1R	128	5	7	71.4285714285714	0.875
WT	ELM1R	129	4	7	57.1428571428571	0.875
WT	ELM1R	130	6	7	85.7142857142857	0.875
WT	ELM1R	131	3	7	42.8571428571429	0.875
WT	ELM1R	132	5	7	71.4285714285714	0.875
WT	ELM1R	133	3	7	42.8571428571429	0.875
WT	ELM1R	134	6	7	85.7142857142857	0.875
WT	ELM1R	135	6	7	85.7142857142857	0.875
WT	ELM1R	136	4	7	57.1428571428571	0.875
WT	ELM1R	137	4	7	57.1428571428571	0.875
WT	ELM1R	138	6	7	85.7142857142857	0.875
WT	ELM1R	139	3	7	42.8571428571429	0.875
WT	ELM1R	140	3	7	42.8571428571429	0.875
WT	ELM1R	141	3	7	42.8571428571429	0.875
WT	ELM1R	142	2	7	28.5714285714286	0.875
WT	ELM1R	143	4	7	57.1428571428571	0.875
WT	ELM1R	144	2	6	33.3333333333333	0.75
WT	ELM1R	145	4	6	66.6666666666667	0.75
WT	ELM1R	146	4	6	66.6666666666667	0.75
WT	ELM1R	147	4	5	80	0.625
WT	ELM1R	148	5	5	100	0.625
WT	ELM1R	149	1	5	20	0.625
WT	ELM1R	150	3	5	60	0.625
WT	ELM1R	151	2	5	40	0.625
WT	ELM1R	152	4	5	80	0.625
WT	ELM1R	153	2	5	40	0.625
WT	ELM1R	154	3	5	60	0.625
WT	ELM1R	155	3	5	60	0.625
WT	ELM1R	156	2	5	40	0.625
WT	ELM1R	157	2	5	40	0.625
WT	ELM1R	158	3	5	60	0.625
WT	ELM1R	159	2	4	50	0.5
WT	ELM1R	160	3	4	75	0.5
WT	ELM1R	161	3	4	75	0.5
WT	ELM1R	162	2	4	50	0.5
WT	ELM1R	163	4	4	100	0.5
WT	ELM1R	164	2	4	50	0.5
WT	ELM1R	165	2	4	50	0.5
WT	ELM1R	166	1	4	25	0.5
WT	ELM1R	167	3	4	75	0.5
WT	ELM1R	168	2	4	50	0.5
WT	ELM1R	169	3	4	75	0.5
WT	ELM1R	170	1	4	25	0.5
WT	ELM1R	171	0	4	0	0.5
WT	ELM1R	172	3	4	75	0.5
WT	ELM1R	173	2	4	50	0.5
WT	ELM1R	174	2	4	50	0.5
WT	ELM1R	175	1	4	25	0.5
WT	ELM1R	176	3	4	75	0.5
WT	ELM1R	177	3	4	75	0.5
WT	ELM1R	178	2	2	100	0.25
WT	ELM1R	179	2	2	100	0.25
WT	ELM1R	180	1	2	50	0.25
WT	ELM1R	181	1	2	50	0.25
WT	ELM1R	182	0	2	0	0.25
WT	ELM1R	183	2	2	100	0.25
WT	ELM1R	184	2	2	100	0.25
WT	ELM1R	185	2	2	100	0.25
WT	ELM1R	186	1	2	50	0.25
WT	ELM1R	187	1	2	50	0.25
WT	ELM1R	188	2	2	100	0.25
WT	ELM1R	189	1	2	50	0.25
WT	ELM1R	190	0	2	0	0.25
WT	ELM1R	191	1	2	50	0.25
WT	ELM1R	192	0	2	0	0.25
WT	ELM1R	193	2	2	100	0.25
WT	ELM1R	194	2	2	100	0.25
WT	ELM1R	195	1	2	50	0.25
WT	ELM1R	196	1	2	50	0.25
WT	ELM1R	197	1	2	50	0.25
WT	ELM1R	198	2	2	100	0.25
WT	ELM1R	199	1	2	50	0.25
WT	ELM1R	200	2	2	100	0.25
WT	ELM1R	201	0	1	0	0.125
WT	ELM1R	202	0	1	0	0.125
WT	ELM1R	203	0	1	0	0.125
WT	ELM1R	204	0	1	0	0.125
WT	ELM1R	205	0	1	0	0.125
WT	ELM1R	206	0	1	0	0.125
WT	ELM1R	207	0	1	0	0.125
WT	ELM2A	1	3	8	37.5	1
WT	ELM2A	2	3	8	37.5	1
WT	ELM2A	3	3	8	37.5	1
WT	ELM2A	4	4	8	50	1
WT	ELM2A	5	5	8	62.5	1
WT	ELM2A	6	5	8	62.5	1
WT	ELM2A	7	3	8	37.5	1
WT	ELM2A	8	4	8	50	1
WT	ELM2A	9	2	8	25	1
WT	ELM2A	10	3	8	37.5	1
WT	ELM2A	11	6	8	75	1
WT	ELM2A	12	2	8	25	1
WT	ELM2A	13	2	8	25	1
WT	ELM2A	14	4	8	50	1
WT	ELM2A	15	4	8	50	1
WT	ELM2A	16	3	8	37.5	1
WT	ELM2A	17	3	8	37.5	1
WT	ELM2A	18	3	8	37.5	1
WT	ELM2A	19	3	8	37.5	1
WT	ELM2A	20	5	8	62.5	1
WT	ELM2A	21	5	8	62.5	1
WT	ELM2A	22	4	8	50	1
WT	ELM2A	23	5	8	62.5	1
WT	ELM2A	24	4	8	50	1
WT	ELM2A	25	5	8	62.5	1
WT	ELM2A	26	6	8	75	1
WT	ELM2A	27	4	8	50	1
WT	ELM2A	28	4	8	50	1
WT	ELM2A	29	5	8	62.5	1
WT	ELM2A	30	2	8	25	1
WT	ELM2A	31	4	8	50	1
WT	ELM2A	32	6	8	75	1
WT	ELM2A	33	6	8	75	1
WT	ELM2A	34	4	8	50	1
WT	ELM2A	35	5	8	62.5	1
WT	ELM2A	36	8	8	100	1
WT	ELM2A	37	6	8	75	1
WT	ELM2A	38	4	8	50	1
WT	ELM2A	39	6	8	75	1
WT	ELM2A	40	2	8	25	1
WT	ELM2A	41	6	8	75	1
WT	ELM2A	42	5	8	62.5	1
WT	ELM2A	43	4	8	50	1
WT	ELM2A	44	4	8	50	1
WT	ELM2A	45	5	8	62.5	1
WT	ELM2A	46	7	8	87.5	1
WT	ELM2A	47	6	8	75	1
WT	ELM2A	48	6	8	75	1
WT	ELM2A	49	6	8	75	1
WT	ELM2A	50	5	8	62.5	1
WT	ELM2A	51	7	8	87.5	1
WT	ELM2A	52	5	8	62.5	1
WT	ELM2A	53	6	8	75	1
WT	ELM2A	54	6	8	75	1
WT	ELM2A	55	7	8	87.5	1
WT	ELM2A	56	5	8	62.5	1
WT	ELM2A	57	5	8	62.5	1
WT	ELM2A	58	5	8	62.5	1
WT	ELM2A	59	7	8	87.5	1
WT	ELM2A	60	6	8	75	1
WT	ELM2A	61	5	8	62.5	1
WT	ELM2A	62	5	8	62.5	1
WT	ELM2A	63	4	8	50	1
WT	ELM2A	64	7	8	87.5	1
WT	ELM2A	65	6	8	75	1
WT	ELM2A	66	6	8	75	1
WT	ELM2A	67	4	8	50	1
WT	ELM2A	68	5	8	62.5	1
WT	ELM2A	69	6	8	75	1
WT	ELM2A	70	6	8	75	1
WT	ELM2A	71	5	8	62.5	1
WT	ELM2A	72	6	8	75	1
WT	ELM2A	73	4	8	50	1
WT	ELM2A	74	8	8	100	1
WT	ELM2A	75	5	8	62.5	1
WT	ELM2A	76	6	8	75	1
WT	ELM2A	77	4	8	50	1
WT	ELM2A	78	5	8	62.5	1
WT	ELM2A	79	7	8	87.5	1
WT	ELM2A	80	6	8	75	1
WT	ELM2A	81	4	8	50	1
WT	ELM2A	82	4	8	50	1
WT	ELM2A	83	3	8	37.5	1
WT	ELM2A	84	6	8	75	1
WT	ELM2A	85	6	8	75	1
WT	ELM2A	86	3	8	37.5	1
WT	ELM2A	87	5	8	62.5	1
WT	ELM2A	88	5	8	62.5	1
WT	ELM2A	89	4	8	50	1
WT	ELM2A	90	5	8	62.5	1
WT	ELM2A	91	5	8	62.5	1
WT	ELM2A	92	5	8	62.5	1
WT	ELM2A	93	3	8	37.5	1
WT	ELM2A	94	4	8	50	1
WT	ELM2A	95	5	8	62.5	1
WT	ELM2A	96	3	8	37.5	1
WT	ELM2A	97	6	8	75	1
WT	ELM2A	98	2	8	25	1
WT	ELM2A	99	6	8	75	1
WT	ELM2A	100	4	8	50	1
WT	ELM2A	101	6	8	75	1
WT	ELM2A	102	5	8	62.5	1
WT	ELM2A	103	4	8	50	1
WT	ELM2A	104	3	8	37.5	1
WT	ELM2A	105	4	8	50	1
WT	ELM2A	106	3	8	37.5	1
WT	ELM2A	107	4	8	50	1
WT	ELM2A	108	4	8	50	1
WT	ELM2A	109	5	8	62.5	1
WT	ELM2A	110	5	8	62.5	1
WT	ELM2A	111	4	8	50	1
WT	ELM2A	112	3	8	37.5	1
WT	ELM2A	113	4	8	50	1
WT	ELM2A	114	5	8	62.5	1
WT	ELM2A	115	4	8	50	1
WT	ELM2A	116	4	8	50	1
WT	ELM2A	117	3	8	37.5	1
WT	ELM2A	118	2	8	25	1
WT	ELM2A	119	2	8	25	1
WT	ELM2A	120	6	8	75	1
WT	ELM2A	121	4	8	50	1
WT	ELM2A	122	6	8	75	1
WT	ELM2A	123	2	8	25	1
WT	ELM2A	124	3	8	37.5	1
WT	ELM2A	125	4	8	50	1
WT	ELM2A	126	5	8	62.5	1
WT	ELM2A	127	5	8	62.5	1
WT	ELM2A	128	3	8	37.5	1
WT	ELM2A	129	2	8	25	1
WT	ELM2A	130	5	8	62.5	1
WT	ELM2A	131	4	8	50	1
WT	ELM2A	132	3	8	37.5	1
WT	ELM2A	133	3	8	37.5	1
WT	ELM2A	134	2	8	25	1
WT	ELM2A	135	6	8	75	1
WT	ELM2A	136	3	8	37.5	1
WT	ELM2A	137	4	8	50	1
WT	ELM2A	138	3	8	37.5	1
WT	ELM2A	139	4	8	50	1
WT	ELM2A	140	2	8	25	1
WT	ELM2A	141	2	8	25	1
WT	ELM2A	142	4	8	50	1
WT	ELM2A	143	4	8	50	1
WT	ELM2A	144	3	8	37.5	1
WT	ELM2A	145	2	8	25	1
WT	ELM2A	146	2	8	25	1
WT	ELM2A	147	1	8	12.5	1
WT	ELM2A	148	3	8	37.5	1
WT	ELM2A	149	2	8	25	1
WT	ELM2A	150	2	8	25	1
WT	ELM2A	151	2	8	25	1
WT	ELM2A	152	3	8	37.5	1
WT	ELM2A	153	6	8	75	1
WT	ELM2A	154	3	8	37.5	1
WT	ELM2A	155	2	8	25	1
WT	ELM2A	156	2	8	25	1
WT	ELM2A	157	3	8	37.5	1
WT	ELM2A	158	4	8	50	1
WT	ELM2A	159	2	8	25	1
WT	ELM2A	160	2	8	25	1
WT	ELM2A	161	1	8	12.5	1
WT	ELM2A	162	3	8	37.5	1
WT	ELM2A	163	5	8	62.5	1
WT	ELM2A	164	3	8	37.5	1
WT	ELM2A	165	4	8	50	1
WT	ELM2A	166	2	8	25	1
WT	ELM2A	167	6	8	75	1
WT	ELM2A	168	1	8	12.5	1
WT	ELM2A	169	4	8	50	1
WT	ELM2A	170	1	8	12.5	1
WT	ELM2A	171	3	8	37.5	1
WT	ELM2A	172	2	8	25	1
WT	ELM2A	173	4	8	50	1
WT	ELM2A	174	5	8	62.5	1
WT	ELM2A	175	3	7	42.8571428571429	0.875
WT	ELM2A	176	3	7	42.8571428571429	0.875
WT	ELM2A	177	1	7	14.2857142857143	0.875
WT	ELM2A	178	2	7	28.5714285714286	0.875
WT	ELM2A	179	2	7	28.5714285714286	0.875
WT	ELM2A	180	0	7	0	0.875
WT	ELM2A	181	1	6	16.6666666666667	0.75
WT	ELM2A	182	2	6	33.3333333333333	0.75
WT	ELM2A	183	0	6	0	0.75
WT	ELM2A	184	1	6	16.6666666666667	0.75
WT	ELM2A	185	2	6	33.3333333333333	0.75
WT	ELM2A	186	2	6	33.3333333333333	0.75
WT	ELM2A	187	1	6	16.6666666666667	0.75
WT	ELM2A	188	2	6	33.3333333333333	0.75
WT	ELM2A	189	2	6	33.3333333333333	0.75
WT	ELM2A	190	2	6	33.3333333333333	0.75
WT	ELM2A	191	0	6	0	0.75
WT	ELM2A	192	1	6	16.6666666666667	0.75
WT	ELM2A	193	2	6	33.3333333333333	0.75
WT	ELM2A	194	2	5	40	0.625
WT	ELM2A	195	1	5	20	0.625
WT	ELM2A	196	0	5	0	0.625
WT	ELM2A	197	2	5	40	0.625
WT	ELM2A	198	3	5	60	0.625
WT	ELM2A	199	2	5	40	0.625
WT	ELM2A	200	3	5	60	0.625
WT	ELM2A	201	1	5	20	0.625
WT	ELM2A	202	0	5	0	0.625
WT	ELM2A	203	0	5	0	0.625
WT	ELM2A	204	1	5	20	0.625
WT	ELM2A	205	1	4	25	0.5
WT	ELM2A	206	0	2	0	0.25
WT	ELM2A	207	0	2	0	0.25
WT	ELM2A	208	0	2	0	0.25
WT	ELM2A	209	0	1	0	0.125
WT	ELM2A	210	1	1	100	0.125
WT	ELM2A	211	0	1	0	0.125
WT	ELM2A	212	1	1	100	0.125
WT	ELM2A	213	0	1	0	0.125
WT	ELM2A	214	0	1	0	0.125
WT	ELM2A	215	0	1	0	0.125
WT	ELM2R	1	3	8	37.5	1
WT	ELM2R	2	1	8	12.5	1
WT	ELM2R	3	3	8	37.5	1
WT	ELM2R	4	2	8	25	1
WT	ELM2R	5	3	8	37.5	1
WT	ELM2R	6	5	8	62.5	1
WT	ELM2R	7	1	8	12.5	1
WT	ELM2R	8	1	8	12.5	1
WT	ELM2R	9	2	8	25	1
WT	ELM2R	10	5	8	62.5	1
WT	ELM2R	11	1	8	12.5	1
WT	ELM2R	12	2	8	25	1
WT	ELM2R	13	3	8	37.5	1
WT	ELM2R	14	1	8	12.5	1
WT	ELM2R	15	5	8	62.5	1
WT	ELM2R	16	3	8	37.5	1
WT	ELM2R	17	3	8	37.5	1
WT	ELM2R	18	3	8	37.5	1
WT	ELM2R	19	3	8	37.5	1
WT	ELM2R	20	2	8	25	1
WT	ELM2R	21	4	8	50	1
WT	ELM2R	22	6	8	75	1
WT	ELM2R	23	4	8	50	1
WT	ELM2R	24	5	8	62.5	1
WT	ELM2R	25	3	8	37.5	1
WT	ELM2R	26	2	8	25	1
WT	ELM2R	27	5	8	62.5	1
WT	ELM2R	28	2	8	25	1
WT	ELM2R	29	3	8	37.5	1
WT	ELM2R	30	1	8	12.5	1
WT	ELM2R	31	2	8	25	1
WT	ELM2R	32	4	8	50	1
WT	ELM2R	33	5	8	62.5	1
WT	ELM2R	34	4	8	50	1
WT	ELM2R	35	2	8	25	1
WT	ELM2R	36	5	8	62.5	1
WT	ELM2R	37	4	8	50	1
WT	ELM2R	38	4	8	50	1
WT	ELM2R	39	5	8	62.5	1
WT	ELM2R	40	7	8	87.5	1
WT	ELM2R	41	4	8	50	1
WT	ELM2R	42	5	8	62.5	1
WT	ELM2R	43	6	8	75	1
WT	ELM2R	44	4	8	50	1
WT	ELM2R	45	6	8	75	1
WT	ELM2R	46	6	8	75	1
WT	ELM2R	47	8	8	100	1
WT	ELM2R	48	5	8	62.5	1
WT	ELM2R	49	6	8	75	1
WT	ELM2R	50	7	8	87.5	1
WT	ELM2R	51	5	8	62.5	1
WT	ELM2R	52	4	8	50	1
WT	ELM2R	53	6	8	75	1
WT	ELM2R	54	7	8	87.5	1
WT	ELM2R	55	6	8	75	1
WT	ELM2R	56	6	8	75	1
WT	ELM2R	57	7	8	87.5	1
WT	ELM2R	58	6	8	75	1
WT	ELM2R	59	4	8	50	1
WT	ELM2R	60	5	8	62.5	1
WT	ELM2R	61	5	8	62.5	1
WT	ELM2R	62	5	8	62.5	1
WT	ELM2R	63	3	8	37.5	1
WT	ELM2R	64	3	8	37.5	1
WT	ELM2R	65	6	8	75	1
WT	ELM2R	66	6	8	75	1
WT	ELM2R	67	4	8	50	1
WT	ELM2R	68	6	8	75	1
WT	ELM2R	69	6	8	75	1
WT	ELM2R	70	5	8	62.5	1
WT	ELM2R	71	6	8	75	1
WT	ELM2R	72	7	8	87.5	1
WT	ELM2R	73	7	8	87.5	1
WT	ELM2R	74	6	8	75	1
WT	ELM2R	75	6	8	75	1
WT	ELM2R	76	4	8	50	1
WT	ELM2R	77	6	8	75	1
WT	ELM2R	78	7	8	87.5	1
WT	ELM2R	79	5	8	62.5	1
WT	ELM2R	80	5	8	62.5	1
WT	ELM2R	81	4	8	50	1
WT	ELM2R	82	5	8	62.5	1
WT	ELM2R	83	6	8	75	1
WT	ELM2R	84	7	8	87.5	1
WT	ELM2R	85	6	8	75	1
WT	ELM2R	86	3	8	37.5	1
WT	ELM2R	87	6	8	75	1
WT	ELM2R	88	5	8	62.5	1
WT	ELM2R	89	4	8	50	1
WT	ELM2R	90	5	8	62.5	1
WT	ELM2R	91	6	8	75	1
WT	ELM2R	92	6	8	75	1
WT	ELM2R	93	3	8	37.5	1
WT	ELM2R	94	6	8	75	1
WT	ELM2R	95	3	8	37.5	1
WT	ELM2R	96	4	8	50	1
WT	ELM2R	97	5	8	62.5	1
WT	ELM2R	98	3	8	37.5	1
WT	ELM2R	99	2	8	25	1
WT	ELM2R	100	7	8	87.5	1
WT	ELM2R	101	4	8	50	1
WT	ELM2R	102	5	8	62.5	1
WT	ELM2R	103	4	8	50	1
WT	ELM2R	104	4	8	50	1
WT	ELM2R	105	3	8	37.5	1
WT	ELM2R	106	5	8	62.5	1
WT	ELM2R	107	5	8	62.5	1
WT	ELM2R	108	4	8	50	1
WT	ELM2R	109	3	8	37.5	1
WT	ELM2R	110	2	8	25	1
WT	ELM2R	111	4	8	50	1
WT	ELM2R	112	4	8	50	1
WT	ELM2R	113	3	8	37.5	1
WT	ELM2R	114	4	8	50	1
WT	ELM2R	115	2	8	25	1
WT	ELM2R	116	3	8	37.5	1
WT	ELM2R	117	3	8	37.5	1
WT	ELM2R	118	5	8	62.5	1
WT	ELM2R	119	3	8	37.5	1
WT	ELM2R	120	2	8	25	1
WT	ELM2R	121	4	8	50	1
WT	ELM2R	122	3	8	37.5	1
WT	ELM2R	123	3	8	37.5	1
WT	ELM2R	124	4	8	50	1
WT	ELM2R	125	3	8	37.5	1
WT	ELM2R	126	2	8	25	1
WT	ELM2R	127	3	8	37.5	1
WT	ELM2R	128	5	8	62.5	1
WT	ELM2R	129	3	8	37.5	1
WT	ELM2R	130	3	8	37.5	1
WT	ELM2R	131	5	8	62.5	1
WT	ELM2R	132	3	8	37.5	1
WT	ELM2R	133	5	8	62.5	1
WT	ELM2R	134	4	8	50	1
WT	ELM2R	135	3	8	37.5	1
WT	ELM2R	136	3	7	42.8571428571429	0.875
WT	ELM2R	137	4	7	57.1428571428571	0.875
WT	ELM2R	138	3	7	42.8571428571429	0.875
WT	ELM2R	139	3	7	42.8571428571429	0.875
WT	ELM2R	140	4	7	57.1428571428571	0.875
WT	ELM2R	141	2	7	28.5714285714286	0.875
WT	ELM2R	142	1	7	14.2857142857143	0.875
WT	ELM2R	143	5	7	71.4285714285714	0.875
WT	ELM2R	144	2	7	28.5714285714286	0.875
WT	ELM2R	145	1	7	14.2857142857143	0.875
WT	ELM2R	146	5	7	71.4285714285714	0.875
WT	ELM2R	147	2	7	28.5714285714286	0.875
WT	ELM2R	148	3	6	50	0.75
WT	ELM2R	149	1	6	16.6666666666667	0.75
WT	ELM2R	150	4	6	66.6666666666667	0.75
WT	ELM2R	151	2	6	33.3333333333333	0.75
WT	ELM2R	152	1	6	16.6666666666667	0.75
WT	ELM2R	153	3	6	50	0.75
WT	ELM2R	154	3	6	50	0.75
WT	ELM2R	155	1	6	16.6666666666667	0.75
WT	ELM2R	156	2	6	33.3333333333333	0.75
WT	ELM2R	157	3	6	50	0.75
WT	ELM2R	158	4	6	66.6666666666667	0.75
WT	ELM2R	159	3	6	50	0.75
WT	ELM2R	160	0	6	0	0.75
WT	ELM2R	161	2	6	33.3333333333333	0.75
WT	ELM2R	162	1	6	16.6666666666667	0.75
WT	ELM2R	163	3	6	50	0.75
WT	ELM2R	164	1	6	16.6666666666667	0.75
WT	ELM2R	165	2	5	40	0.625
WT	ELM2R	166	1	5	20	0.625
WT	ELM2R	167	1	5	20	0.625
WT	ELM2R	168	2	4	50	0.5
WT	ELM2R	169	0	4	0	0.5
WT	ELM2R	170	1	4	25	0.5
WT	ELM2R	171	3	4	75	0.5
WT	ELM2R	172	3	4	75	0.5
WT	ELM2R	173	0	4	0	0.5
WT	ELM2R	174	2	4	50	0.5
WT	ELM2R	175	2	3	66.6666666666667	0.375
WT	ELM2R	176	1	3	33.3333333333333	0.375
WT	ELM2R	177	0	3	0	0.375
WT	ELM2R	178	2	3	66.6666666666667	0.375
WT	ELM2R	179	0	2	0	0.25
WT	ELM2R	180	0	2	0	0.25
WT	ELM2R	181	0	2	0	0.25
WT	ELM2R	182	2	2	100	0.25
WT	ELM2R	183	1	2	50	0.25
WT	ELM2R	184	0	2	0	0.25
WT	ELM2R	185	0	2	0	0.25
WT	ELM2R	186	2	2	100	0.25
WT	ELM2R	187	0	2	0	0.25
WT	ELM2R	188	1	2	50	0.25
WT	ELM2R	189	0	2	0	0.25
WT	ELM2R	190	0	2	0	0.25
WT	ELM2R	191	0	2	0	0.25
WT	ELM2R	192	1	2	50	0.25
WT	ELM2R	193	0	2	0	0.25
WT	ELM2R	194	1	2	50	0.25
WT	ELM2R	195	1	2	50	0.25
WT	ELM2R	196	2	2	100	0.25
WT	ELM2R	197	0	2	0	0.25
WT	ELM2R	198	1	2	50	0.25
WT	ELM2R	199	0	2	0	0.25
WT	ELM2R	200	0	2	0	0.25
WT	ELM2R	201	1	2	50	0.25
WT	ELM2R	202	0	2	0	0.25
WT	ELM2R	203	0	2	0	0.25
WT	ELM2R	204	1	2	50	0.25
WT	ELM2R	205	2	2	100	0.25
WT	ELM2R	206	1	2	50	0.25
WT	ELM2R	207	1	2	50	0.25
WT	ELM2R	208	1	2	50	0.25
WT	ELM2R	209	2	2	100	0.25
WT	ELM2R	210	1	2	50	0.25
WT	ELM2R	211	1	2	50	0.25
WT	ELM2R	212	0	2	0	0.25
WT	ELM2R	213	0	2	0	0.25
WT	ELM2R	214	1	2	50	0.25
WT	ELM2R	215	0	2	0	0.25
WT	ELM2R	216	0	2	0	0.25
WT	ELM2R	217	0	2	0	0.25
WT	ELM2R	218	1	2	50	0.25
WT	ELM2R	219	0	2	0	0.25
WT	ELM2R	220	1	2	50	0.25
WT	ELM2R	221	0	2	0	0.25
WT	ELM2R	222	0	1	0	0.125
WT	MRL	1	1	8	12.5	1
WT	MRL	2	4	8	50	1
WT	MRL	3	3	8	37.5	1
WT	MRL	4	4	8	50	1
WT	MRL	5	1	8	12.5	1
WT	MRL	6	2	8	25	1
WT	MRL	7	2	8	25	1
WT	MRL	8	0	8	0	1
WT	MRL	9	3	8	37.5	1
WT	MRL	10	5	8	62.5	1
WT	MRL	11	3	8	37.5	1
WT	MRL	12	2	8	25	1
WT	MRL	13	2	8	25	1
WT	MRL	14	2	8	25	1
WT	MRL	15	2	8	25	1
WT	MRL	16	4	8	50	1
WT	MRL	17	4	8	50	1
WT	MRL	18	4	8	50	1
WT	MRL	19	3	8	37.5	1
WT	MRL	20	2	8	25	1
WT	MRL	21	4	8	50	1
WT	MRL	22	6	8	75	1
WT	MRL	23	0	8	0	1
WT	MRL	24	2	8	25	1
WT	MRL	25	3	8	37.5	1
WT	MRL	26	4	8	50	1
WT	MRL	27	4	8	50	1
WT	MRL	28	3	8	37.5	1
WT	MRL	29	4	8	50	1
WT	MRL	30	2	8	25	1
WT	MRL	31	5	8	62.5	1
WT	MRL	32	5	8	62.5	1
WT	MRL	33	4	8	50	1
WT	MRL	34	2	8	25	1
WT	MRL	35	5	8	62.5	1
WT	MRL	36	3	8	37.5	1
WT	MRL	37	4	8	50	1
WT	MRL	38	6	8	75	1
WT	MRL	39	4	8	50	1
WT	MRL	40	2	8	25	1
WT	MRL	41	2	8	25	1
WT	MRL	42	3	8	37.5	1
WT	MRL	43	3	8	37.5	1
WT	MRL	44	2	8	25	1
WT	MRL	45	4	8	50	1
WT	MRL	46	2	8	25	1
WT	MRL	47	4	8	50	1
WT	MRL	48	3	8	37.5	1
WT	MRL	49	4	8	50	1
WT	MRL	50	2	8	25	1
WT	MRL	51	6	8	75	1
WT	MRL	52	2	8	25	1
WT	MRL	53	4	8	50	1
WT	MRL	54	2	8	25	1
WT	MRL	55	5	8	62.5	1
WT	MRL	56	3	8	37.5	1
WT	MRL	57	4	8	50	1
WT	MRL	58	1	8	12.5	1
WT	MRL	59	6	8	75	1
WT	MRL	60	4	8	50	1
WT	MRL	61	4	8	50	1
WT	MRL	62	1	8	12.5	1
WT	MRL	63	7	8	87.5	1
WT	MRL	64	3	8	37.5	1
WT	MRL	65	3	8	37.5	1
WT	MRL	66	1	8	12.5	1
WT	MRL	67	4	8	50	1
WT	MRL	68	3	8	37.5	1
WT	MRL	69	3	8	37.5	1
WT	MRL	70	2	8	25	1
WT	MRL	71	2	8	25	1
WT	MRL	72	3	8	37.5	1
WT	MRL	73	5	8	62.5	1
WT	MRL	74	2	8	25	1
WT	MRL	75	2	8	25	1
WT	MRL	76	2	8	25	1
WT	MRL	77	4	8	50	1
WT	MRL	78	2	8	25	1
WT	MRL	79	3	8	37.5	1
WT	MRL	80	5	8	62.5	1
WT	MRL	81	3	8	37.5	1
WT	MRL	82	3	8	37.5	1
WT	MRL	83	4	8	50	1
WT	MRL	84	3	8	37.5	1
WT	MRL	85	4	8	50	1
WT	MRL	86	4	8	50	1
WT	MRL	87	4	8	50	1
WT	MRL	88	2	8	25	1
WT	MRL	89	3	8	37.5	1
WT	MRL	90	1	8	12.5	1
WT	MRL	91	6	8	75	1
WT	MRL	92	2	8	25	1
WT	MRL	93	6	8	75	1
WT	MRL	94	3	8	37.5	1
WT	MRL	95	2	8	25	1
WT	MRL	96	4	8	50	1
WT	MRL	97	3	8	37.5	1
WT	MRL	98	3	8	37.5	1
WT	MRL	99	3	8	37.5	1
WT	MRL	100	2	7	28.5714285714286	0.875
WT	MRL	101	4	7	57.1428571428571	0.875
WT	MRL	102	2	7	28.5714285714286	0.875
WT	MRL	103	4	7	57.1428571428571	0.875
WT	MRL	104	3	7	42.8571428571429	0.875
WT	MRL	105	3	7	42.8571428571429	0.875
WT	MRL	106	1	7	14.2857142857143	0.875
WT	MRL	107	3	6	50	0.75
WT	MRL	108	1	6	16.6666666666667	0.75
WT	MRL	109	2	6	33.3333333333333	0.75
WT	MRL	110	1	6	16.6666666666667	0.75
WT	MRL	111	4	6	66.6666666666667	0.75
WT	MRL	112	4	6	66.6666666666667	0.75
WT	MRL	113	1	6	16.6666666666667	0.75
WT	MRL	114	2	6	33.3333333333333	0.75
WT	MRL	115	2	6	33.3333333333333	0.75
WT	MRL	116	4	6	66.6666666666667	0.75
WT	MRL	117	2	6	33.3333333333333	0.75
WT	MRL	118	3	6	50	0.75
WT	MRL	119	5	6	83.3333333333333	0.75
WT	MRL	120	1	6	16.6666666666667	0.75
WT	MRL	121	2	6	33.3333333333333	0.75
WT	MRL	122	3	6	50	0.75
WT	MRL	123	2	6	33.3333333333333	0.75
WT	MRL	124	2	6	33.3333333333333	0.75
WT	MRL	125	3	6	50	0.75
WT	MRL	126	2	5	40	0.625
WT	MRL	127	2	4	50	0.5
WT	MRL	128	2	4	50	0.5
WT	MRL	129	1	4	25	0.5
WT	MRL	130	2	4	50	0.5
WT	MRL	131	1	4	25	0.5
WT	MRL	132	1	4	25	0.5
WT	MRL	133	2	4	50	0.5
WT	MRL	134	1	3	33.3333333333333	0.375
WT	MRL	135	1	3	33.3333333333333	0.375
WT	MRL	136	2	3	66.6666666666667	0.375
WT	MRL	137	0	3	0	0.375
WT	MRL	138	2	3	66.6666666666667	0.375
WT	MRL	139	3	3	100	0.375
WT	MRL	140	0	2	0	0.25
WT	MRL	141	1	2	50	0.25
WT	MRL	142	1	2	50	0.25
WT	MRL	143	1	2	50	0.25
WT	MRL	144	0	2	0	0.25
WT	MRL	145	1	2	50	0.25
WT	MRL	146	0	2	0	0.25
WT	MRL	147	1	2	50	0.25
WT	MRL	148	1	2	50	0.25
WT	MRL	149	1	2	50	0.25
WT	MRL	150	2	2	100	0.25
WT	MRL	151	0	1	0	0.125
WT	MRL	152	0	1	0	0.125
WT	MRL	153	0	1	0	0.125
WT	MRL	154	0	1	0	0.125
WT	MRL	155	0	1	0	0.125
WT	MRL	156	0	1	0	0.125
WT	MRL	157	0	1	0	0.125
WT	MRL	158	0	1	0	0.125
WT	MRL	159	1	1	100	0.125
WT	MRL	160	0	1	0	0.125
WT	PL	1	3	8	37.5	1
WT	PL	2	4	8	50	1
WT	PL	3	0	8	0	1
WT	PL	4	3	8	37.5	1
WT	PL	5	4	8	50	1
WT	PL	6	3	8	37.5	1
WT	PL	7	2	8	25	1
WT	PL	8	2	8	25	1
WT	PL	9	1	8	12.5	1
WT	PL	10	3	8	37.5	1
WT	PL	11	3	8	37.5	1
WT	PL	12	4	8	50	1
WT	PL	13	1	8	12.5	1
WT	PL	14	3	8	37.5	1
WT	PL	15	5	8	62.5	1
WT	PL	16	0	8	0	1
WT	PL	17	5	8	62.5	1
WT	PL	18	1	8	12.5	1
WT	PL	19	4	8	50	1
WT	PL	20	0	8	0	1
WT	PL	21	4	8	50	1
WT	PL	22	4	8	50	1
WT	PL	23	2	8	25	1
WT	PL	24	4	8	50	1
WT	PL	25	4	8	50	1
WT	PL	26	3	8	37.5	1
WT	PL	27	2	8	25	1
WT	PL	28	3	8	37.5	1
WT	PL	29	4	8	50	1
WT	PL	30	4	8	50	1
WT	PL	31	6	8	75	1
WT	PL	32	1	8	12.5	1
WT	PL	33	7	8	87.5	1
WT	PL	34	3	8	37.5	1
WT	PL	35	2	8	25	1
WT	PL	36	4	8	50	1
WT	PL	37	4	8	50	1
WT	PL	38	4	8	50	1
WT	PL	39	1	8	12.5	1
WT	PL	40	2	8	25	1
WT	PL	41	4	8	50	1
WT	PL	42	6	8	75	1
WT	PL	43	4	8	50	1
WT	PL	44	2	8	25	1
WT	PL	45	6	8	75	1
WT	PL	46	2	8	25	1
WT	PL	47	4	8	50	1
WT	PL	48	1	8	12.5	1
WT	PL	49	5	8	62.5	1
WT	PL	50	0	8	0	1
WT	PL	51	5	8	62.5	1
WT	PL	52	1	8	12.5	1
WT	PL	53	5	8	62.5	1
WT	PL	54	4	8	50	1
WT	PL	55	3	8	37.5	1
WT	PL	56	4	8	50	1
WT	PL	57	5	8	62.5	1
WT	PL	58	3	8	37.5	1
WT	PL	59	1	8	12.5	1
WT	PL	60	6	8	75	1
WT	PL	61	3	8	37.5	1
WT	PL	62	3	8	37.5	1
WT	PL	63	5	8	62.5	1
WT	PL	64	5	8	62.5	1
WT	PL	65	2	8	25	1
WT	PL	66	5	8	62.5	1
WT	PL	67	4	8	50	1
WT	PL	68	2	8	25	1
WT	PL	69	4	8	50	1
WT	PL	70	3	8	37.5	1
WT	PL	71	4	8	50	1
WT	PL	72	5	8	62.5	1
WT	PL	73	2	8	25	1
WT	PL	74	4	8	50	1
WT	PL	75	5	8	62.5	1
WT	PL	76	3	8	37.5	1
WT	PL	77	3	8	37.5	1
WT	PL	78	4	8	50	1
WT	PL	79	3	8	37.5	1
WT	PL	80	2	8	25	1
WT	PL	81	4	8	50	1
WT	PL	82	2	8	25	1
WT	PL	83	6	8	75	1
WT	PL	84	5	8	62.5	1
WT	PL	85	2	8	25	1
WT	PL	86	3	8	37.5	1
WT	PL	87	5	8	62.5	1
WT	PL	88	4	8	50	1
WT	PL	89	3	8	37.5	1
WT	PL	90	4	8	50	1
WT	PL	91	4	8	50	1
WT	PL	92	2	8	25	1
WT	PL	93	7	8	87.5	1
WT	PL	94	4	8	50	1
WT	PL	95	4	8	50	1
WT	PL	96	6	8	75	1
WT	PL	97	4	8	50	1
WT	PL	98	5	8	62.5	1
WT	PL	99	1	8	12.5	1
WT	PL	100	5	8	62.5	1
WT	PL	101	3	8	37.5	1
WT	PL	102	5	8	62.5	1
WT	PL	103	3	8	37.5	1
WT	PL	104	5	8	62.5	1
WT	PL	105	5	8	62.5	1
WT	PL	106	4	8	50	1
WT	PL	107	5	8	62.5	1
WT	PL	108	4	8	50	1
WT	PL	109	4	7	57.1428571428571	0.875
WT	PL	110	3	7	42.8571428571429	0.875
WT	PL	111	3	7	42.8571428571429	0.875
WT	PL	112	4	6	66.6666666666667	0.75
WT	PL	113	1	5	20	0.625
WT	PL	114	2	5	40	0.625
WT	PL	115	2	5	40	0.625
WT	PL	116	4	5	80	0.625
WT	PL	117	3	5	60	0.625
WT	PL	118	2	5	40	0.625
WT	PL	119	4	5	80	0.625
WT	PL	120	3	5	60	0.625
WT	PL	121	1	5	20	0.625
WT	PL	122	1	5	20	0.625
WT	PL	123	3	5	60	0.625
WT	PL	124	3	5	60	0.625
WT	PL	125	2	5	40	0.625
WT	PL	126	1	5	20	0.625
WT	PL	127	3	5	60	0.625
WT	PL	128	4	5	80	0.625
WT	PL	129	2	5	40	0.625
WT	PL	130	1	5	20	0.625
WT	PL	131	2	4	50	0.5
WT	PL	132	2	4	50	0.5
WT	PL	133	1	4	25	0.5
WT	PL	134	1	4	25	0.5
WT	PL	135	2	4	50	0.5
WT	PL	136	1	4	25	0.5
WT	PL	137	2	3	66.6666666666667	0.375
WT	PL	138	1	3	33.3333333333333	0.375
WT	PL	139	3	3	100	0.375
WT	PL	140	1	3	33.3333333333333	0.375
WT	PL	141	3	3	100	0.375
WT	PL	142	2	3	66.6666666666667	0.375
WT	PL	143	2	3	66.6666666666667	0.375
WT	PL	144	1	3	33.3333333333333	0.375
WT	PL	145	2	3	66.6666666666667	0.375
WT	PL	146	3	3	100	0.375
WT	PL	147	0	3	0	0.375
WT	PL	148	2	3	66.6666666666667	0.375
WT	PL	149	1	3	33.3333333333333	0.375
WT	PL	150	2	3	66.6666666666667	0.375
WT	PL	151	2	3	66.6666666666667	0.375
WT	PL	152	2	3	66.6666666666667	0.375
WT	PL	153	1	3	33.3333333333333	0.375
WT	PL	154	1	2	50	0.25
WT	PL	155	1	2	50	0.25
WT	PL	156	1	2	50	0.25
WT	PL	157	1	2	50	0.25
WT	PL	158	1	1	100	0.125
WT	PL	159	0	1	0	0.125
WT	PL	160	1	1	100	0.125
WT	PL	161	0	1	0	0.125
WT	RL	1	2	8	25	1
WT	RL	2	1	8	12.5	1
WT	RL	3	2	8	25	1
WT	RL	4	2	8	25	1
WT	RL	5	2	8	25	1
WT	RL	6	1	8	12.5	1
WT	RL	7	1	8	12.5	1
WT	RL	8	1	8	12.5	1
WT	RL	9	0	8	0	1
WT	RL	10	3	8	37.5	1
WT	RL	11	1	8	12.5	1
WT	RL	12	2	8	25	1
WT	RL	13	5	8	62.5	1
WT	RL	14	1	8	12.5	1
WT	RL	15	2	8	25	1
WT	RL	16	2	8	25	1
WT	RL	17	2	8	25	1
WT	RL	18	7	8	87.5	1
WT	RL	19	3	8	37.5	1
WT	RL	20	2	8	25	1
WT	RL	21	1	8	12.5	1
WT	RL	22	4	8	50	1
WT	RL	23	3	8	37.5	1
WT	RL	24	1	8	12.5	1
WT	RL	25	4	8	50	1
WT	RL	26	1	8	12.5	1
WT	RL	27	5	8	62.5	1
WT	RL	28	3	8	37.5	1
WT	RL	29	3	8	37.5	1
WT	RL	30	4	8	50	1
WT	RL	31	4	8	50	1
WT	RL	32	2	8	25	1
WT	RL	33	3	8	37.5	1
WT	RL	34	4	8	50	1
WT	RL	35	2	8	25	1
WT	RL	36	5	8	62.5	1
WT	RL	37	2	8	25	1
WT	RL	38	2	8	25	1
WT	RL	39	3	8	37.5	1
WT	RL	40	2	8	25	1
WT	RL	41	4	8	50	1
WT	RL	42	3	8	37.5	1
WT	RL	43	3	8	37.5	1
WT	RL	44	4	8	50	1
WT	RL	45	2	8	25	1
WT	RL	46	4	8	50	1
WT	RL	47	3	8	37.5	1
WT	RL	48	2	8	25	1
WT	RL	49	2	8	25	1
WT	RL	50	4	8	50	1
WT	RL	51	6	8	75	1
WT	RL	52	4	8	50	1
WT	RL	53	5	8	62.5	1
WT	RL	54	4	8	50	1
WT	RL	55	4	8	50	1
WT	RL	56	3	8	37.5	1
WT	RL	57	6	8	75	1
WT	RL	58	3	8	37.5	1
WT	RL	59	4	8	50	1
WT	RL	60	3	8	37.5	1
WT	RL	61	4	8	50	1
WT	RL	62	1	8	12.5	1
WT	RL	63	2	8	25	1
WT	RL	64	4	8	50	1
WT	RL	65	4	8	50	1
WT	RL	66	6	8	75	1
WT	RL	67	3	8	37.5	1
WT	RL	68	4	8	50	1
WT	RL	69	5	8	62.5	1
WT	RL	70	2	8	25	1
WT	RL	71	6	8	75	1
WT	RL	72	4	8	50	1
WT	RL	73	3	8	37.5	1
WT	RL	74	2	8	25	1
WT	RL	75	5	8	62.5	1
WT	RL	76	3	8	37.5	1
WT	RL	77	4	8	50	1
WT	RL	78	6	8	75	1
WT	RL	79	2	8	25	1
WT	RL	80	2	8	25	1
WT	RL	81	4	8	50	1
WT	RL	82	5	8	62.5	1
WT	RL	83	6	8	75	1
WT	RL	84	3	8	37.5	1
WT	RL	85	6	8	75	1
WT	RL	86	5	8	62.5	1
WT	RL	87	2	8	25	1
WT	RL	88	6	8	75	1
WT	RL	89	3	8	37.5	1
WT	RL	90	2	8	25	1
WT	RL	91	3	8	37.5	1
WT	RL	92	6	8	75	1
WT	RL	93	6	8	75	1
WT	RL	94	4	8	50	1
WT	RL	95	4	8	50	1
WT	RL	96	3	8	37.5	1
WT	RL	97	4	8	50	1
WT	RL	98	5	8	62.5	1
WT	RL	99	4	8	50	1
WT	RL	100	2	8	25	1
WT	RL	101	1	7	14.2857142857143	0.875
WT	RL	102	3	6	50	0.75
WT	RL	103	4	6	66.6666666666667	0.75
WT	RL	104	2	6	33.3333333333333	0.75
WT	RL	105	2	6	33.3333333333333	0.75
WT	RL	106	4	6	66.6666666666667	0.75
WT	RL	107	5	6	83.3333333333333	0.75
WT	RL	108	4	6	66.6666666666667	0.75
WT	RL	109	3	6	50	0.75
WT	RL	110	0	6	0	0.75
WT	RL	111	4	6	66.6666666666667	0.75
WT	RL	112	3	6	50	0.75
WT	RL	113	2	6	33.3333333333333	0.75
WT	RL	114	4	6	66.6666666666667	0.75
WT	RL	115	0	6	0	0.75
WT	RL	116	0	6	0	0.75
WT	RL	117	4	6	66.6666666666667	0.75
WT	RL	118	2	6	33.3333333333333	0.75
WT	RL	119	4	6	66.6666666666667	0.75
WT	RL	120	5	6	83.3333333333333	0.75
WT	RL	121	4	6	66.6666666666667	0.75
WT	RL	122	3	6	50	0.75
WT	RL	123	3	6	50	0.75
WT	RL	124	2	6	33.3333333333333	0.75
WT	RL	125	3	6	50	0.75
WT	RL	126	4	6	66.6666666666667	0.75
WT	RL	127	3	6	50	0.75
WT	RL	128	4	6	66.6666666666667	0.75
WT	RL	129	3	6	50	0.75
WT	RL	130	3	5	60	0.625
WT	RL	131	1	5	20	0.625
WT	RL	132	0	5	0	0.625
WT	RL	133	5	5	100	0.625
WT	RL	134	0	5	0	0.625
WT	RL	135	2	5	40	0.625
WT	RL	136	3	5	60	0.625
WT	RL	137	2	4	50	0.5
WT	RL	138	2	4	50	0.5
WT	RL	139	2	4	50	0.5
WT	RL	140	2	4	50	0.5
WT	RL	141	1	4	25	0.5
WT	RL	142	2	4	50	0.5
WT	RL	143	4	4	100	0.5
WT	RL	144	2	4	50	0.5
WT	RL	145	3	4	75	0.5
WT	RL	146	3	4	75	0.5
WT	RL	147	2	4	50	0.5
WT	RL	148	1	4	25	0.5
WT	RL	149	1	4	25	0.5
WT	RL	150	3	4	75	0.5
WT	RL	151	1	2	50	0.25
WT	RL	152	1	2	50	0.25
WT	RL	153	1	2	50	0.25
