Animal	Tag	Sex	Weight	Group	Notes	FirstVisitDateTime	LastVisitDateTime	LastVisitedCorner	VisitNumber	VisitDuration	NosepokeNumber	NosepokeDuration	LickNumber	LickDuration	LickContactTime	PlaceErrorsPercent	PlaceErrorsTotal	SideErrorsPercent	SideErrorsTotal	TimeErrorsPercent	TimeErrorsTotal	ConditionErrorsPercent	ConditionErrorsTotal
291	900200000469486	Unknown	0	Default		2020-03-14 15:37:51.374	2020-03-15 15:33:57.657	3	223	2446.557	429	552.264	2115	294.9598711	128.588	74.9	167	62.5	268	0.0	0	0.0	0
301	900200000276290	Unknown	0	Default		2020-03-14 15:39:31.939	2020-03-15 15:03:02.314	3	284	2438.529	461	499.051	1919	250.4133218	87.518	69.4	197	60.7	280	0.0	0	0.0	0
331	900200000098819	Unknown	0	Default		2020-03-14 15:37:37.805	2020-03-15 15:30:20.714	4	183	2453.449	301	523.813	2371	340.6464848	154.5	68.3	125	61.1	184	0.0	0	0.0	0
340	900200000470750	Unknown	0	Default		2020-03-14 15:40:27.751	2020-03-15 15:35:31.082	3	248	1946.596	385	423.354	1791	245.0610172	106.391	74.6	185	66.8	257	0.0	0	0.0	0
353	900200000068971	Unknown	0	Default		2020-03-14 15:39:40.686	2020-03-15 15:29:42.914	2	221	2393.931	559	489.691	1794	241.6268212	78.357	69.2	153	58.7	328	0.0	0	0.0	0
356	900200000278773	Unknown	0	Default		2020-03-14 15:36:58.600	2020-03-15 15:29:59.703	3	350	3083.002	615	500.045	1710	252.5404434	101.197	76.0	266	70.1	431	0.0	0	0.0	0
357	900200000471745	Unknown	0	Default		2020-03-14 15:38:14.705	2020-03-15 15:28:28.908	2	181	2265.663	315	408.472	1635	258.5747901	136.268	72.4	131	66.3	209	0.0	0	0.0	0
358	900200000275890	Unknown	0	Default		2020-03-14 15:40:47.671	2020-03-15 15:29:51.566	4	224	2407.471	321	476.398	1844	313.3769243	173.662	67.4	151	54.8	176	0.0	0	0.0	0
368	900200000472610	Unknown	0	Default		2020-03-14 15:39:53.202	2020-03-15 15:34:29.563	1	273	2633.148	517	537.269	2166	293.9638138	105.924	74.7	204	68.5	354	0.0	0	0.0	0
374	900200000404262	Unknown	0	Default		2020-03-14 17:50:20.236	2020-03-15 15:35:22.684	1	252	1838.272	475	381.496	1723	220.608618	85.008	77.8	196	62.9	299	0.0	0	0.0	0
387	900200000471017	Unknown	0	Default		2020-03-14 15:44:04.448	2020-03-15 15:28:45.175	4	325	2860.508	795	528.664	1901	253.9625258	92.688	71.1	231	61.1	486	0.0	0	0.0	0
390	900200000100627	Unknown	0	Default		2020-03-14 15:38:37.013	2020-03-15 15:31:08.175	2	206	2328.639	268	522.597	2845	376.0285073	132.759	68.9	142	60.1	161	0.0	0	0.0	0
403	900200000469608	Unknown	0	Default		2020-03-14 15:40:08.968	2020-03-15 15:34:45.583	3	299	2903.87	559	573.03	1946	297.5070168	131.693	73.9	221	64.4	360	0.0	0	0.0	0
437	900200000274738	Unknown	0	Default		2020-03-14 15:38:08.145	2020-03-15 15:22:09.993	3	303	2894.833	525	477.141	1622	211.3950928	74.139	66.3	201	58.1	305	0.0	0	0.0	0
438	900200000067270	Unknown	0	Default		2020-03-14 15:37:47.118	2020-03-15 15:14:19.318	3	312	3163.146	493	624.791	2147	367.0749947	173.242	75.0	234	62.7	309	0.0	0	0.0	0
452	900200000469796	Unknown	0	Default		2020-03-14 15:39:04.135	2020-03-15 15:00:18.376	3	292	2499.065	403	486.84	1944	264.3781212	98.432	68.5	200	58.6	236	0.0	0	0.0	0
312	900200000470680	Unknown	0	Default		2020-03-14 17:52:25.569	2020-03-15 15:34:10.604	4	176	2180.52	388	489.665	1836	253.3274892	96.689	60.2	106	43.8	170	0.0	0	0.0	0
315	900200000276779	Unknown	0	Default		2020-03-14 15:35:48.796	2020-03-15 09:10:36.282	4	191	4731.32400000001	677	671.668	1537	190.3378864	60.562	68.1	130	73.1	495	0.0	0	0.0	0
316	900200000069309	Unknown	0	Default		2020-03-14 17:52:10.844	2020-03-15 15:33:40.935	4	158	2166.078	425	489.511	2019	256.7486853	90.907	69.6	110	63.1	268	0.0	0	0.0	0
317	900200000101196	Unknown	0	Default		2020-03-14 15:39:30.630	2020-03-15 15:21:27.760	3	134	1768.315	244	514.264	1936	254.4655555	89.078	69.4	93	66.8	163	0.0	0	0.0	0
330	900200000402641	Unknown	0	Default		2020-03-14 15:40:23.460	2020-03-15 15:14:31.462	2	204	2855.253	362	531.284	2405	300.7212007	114.529	73.0	149	58.8	213	0.0	0	0.0	0
379	900200000471581	Unknown	0	Default		2020-03-14 17:51:33.987	2020-03-15 15:03:15.584	3	123	1727.32	311	422.068	1795	243.7909439	85.68	70.7	87	65.6	204	0.0	0	0.0	0
385	900200000471102	Unknown	0	Default		2020-03-14 15:37:49.986	2020-03-15 15:27:38.538	4	191	2619.92	447	523.518	2390	314.3849806	106.568	69.1	132	61.7	276	0.0	0	0.0	0
388	900200000065014	Unknown	0	Default		2020-03-14 15:37:25.140	2020-03-15 15:29:50.520	3	185	1549.322	337	466.56	1965	263.5880768	107.109	69.7	129	50.7	171	0.0	0	0.0	0
389	900200000064617	Unknown	0	Default		2020-03-14 15:43:09.639	2020-03-15 14:56:28.968	2	175	2296.777	444	576.164	2523	348.5039333	136.247	60.0	105	54.5	242	0.0	0	0.0	0
393	900200000404061	Unknown	0	Default		2020-03-14 15:38:16.077	2020-03-15 15:26:02.279	1	167	2856.356	454	518.611	2286	299.7021421	109.581	68.9	115	60.1	273	0.0	0	0.0	0
402	900200000471269	Unknown	0	Default		2020-03-14 17:23:10.481	2020-03-15 15:26:04.750	4	194	2452.681	519	597.731	2730	335.1281678	112.3	71.1	138	61.7	320	0.0	0	0.0	0
405	900200000473213	Unknown	0	Default		2020-03-14 15:41:29.820	2020-03-15 13:21:24.875	3	168	2232.693	386	572.762	2672	353.722232	128.431	66.1	111	58.8	227	0.0	0	0.0	0
413	900200000469983	Unknown	0	Default		2020-03-14 17:58:32.206	2020-03-15 14:09:50.291	2	180	2943.585	631	659.367000000001	1935	273.9706706	113.02	75.0	135	73.9	466	0.0	0	0.0	0
414	900200000472620	Unknown	0	Default		2020-03-14 17:07:15.144	2020-03-15 12:02:04.524	4	229	3341.874	1061	705.445	2005	267.384293	111.09	75.5	173	73.3	778	0.0	0	0.0	0
426	900200000471039	Unknown	0	Default		2020-03-14 17:22:57.162	2020-03-15 12:29:24.124	2	261	3221.792	567	571.722	2189	282.5921635	110.8	71.6	187	60.7	344	0.0	0	0.0	0
427	900200000471771	Unknown	0	Default		2020-03-14 16:25:38.389	2020-03-15 14:11:45.504	4	194	2733.826	576	684.809	2454	334.9571586	123.82	73.7	143	70.3	405	0.0	0	0.0	0
Animal 33	900200000196653	Unknown	0	Default		2020-03-14 15:36:35.412	2020-03-14 15:36:35.412	1	1	4.635	0	0	0	0	0	0.0	0	0.0	0	0.0	0	0.0	0
